deltaT: 0
Glove: 
0 -1.37808 0.01459 0.07135 -0.05522 
1 -1.03424 -0.93376 0.3765 -0.167273 
2 -1.25925 -0.77572 0.04204 0.0168169 
3 -1.15962 -1.2516 -0.15765 0.133097 
4 -0.34923 -1.6198 -0.25688 0.198657 
5 0.637 -0.00863 -0.1176 
deltaT: 0.0939999
Glove: 
0 -1.37808 0.01459 0.07135 -0.05522 
1 -1.03424 -0.93376 0.3765 -0.167273 
2 -1.25925 -0.77572 0.04204 0.0168169 
3 -1.15962 -1.2516 -0.15765 0.133097 
4 -0.34923 -1.6198 -0.25688 0.198657 
5 0.637 0 -0.13328 
deltaT: 0.203
Glove: 
0 -1.37808 0.01459 0.07135 -0.05522 
1 -1.03424 -0.93376 0.3765 -0.167273 
2 -1.25925 -0.77572 0.04204 0.0168169 
3 -1.15962 -1.2516 -0.15765 0.133097 
4 -0.34923 -1.6198 -0.25688 0.198657 
5 0.637 0 -0.1372 
deltaT: 0.297
Glove: 
0 -1.37808 0.01459 0.07135 -0.05522 
1 -1.03424 -0.93376 0.3765 -0.167273 
2 -1.25925 -0.77572 0.04204 0.0168169 
3 -1.15962 -1.2516 -0.15765 0.133097 
4 -0.36586 -1.6198 -0.25688 0.198657 
5 0.637 0 -0.1372 
deltaT: 0.391
Glove: 
0 -1.37808 0.01459 0.07135 -0.05522 
1 -1.03424 -0.93376 0.3765 -0.167273 
2 -1.25925 -0.77572 0.04204 0.0168169 
3 -1.15962 -1.2516 -0.15765 0.133097 
4 -0.36586 -1.6198 -0.25688 0.198657 
5 0.637 0 -0.1372 
deltaT: 0.5
Glove: 
0 -1.37808 0.01459 0.07135 -0.05522 
1 -1.03424 -0.93376 0.3765 -0.167273 
2 -1.25925 -0.77572 0.04204 0.0168169 
3 -1.15962 -1.2516 -0.15765 0.133097 
4 -0.36586 -1.6198 -0.25688 0.198657 
5 0.637 0 -0.1372 
deltaT: 0.609
Glove: 
0 -1.37808 0.01459 0.07135 -0.05522 
1 -1.03424 -0.93376 0.3765 -0.167273 
2 -1.25925 -0.77572 0.02102 0.0168169 
3 -1.15962 -1.2516 -0.15765 0.133097 
4 -0.36586 -1.6198 -0.25688 0.198657 
5 0.637 0 -0.1372 
deltaT: 0.719
Glove: 
0 -1.37808 0.01459 0.07135 -0.05522 
1 -1.03424 -0.93376 0.3765 -0.168791 
2 -1.25925 -0.77572 -0.01051 0.0152991 
3 -1.15962 -1.2516 -0.15765 0.137699 
4 -0.36586 -1.6198 -0.25688 0.203259 
5 0.637 0 -0.1372 
deltaT: 0.813
Glove: 
0 -1.39392 0.01459 0.07135 -0.06024 
1 -1.03424 -0.93376 0.3765 -0.168791 
2 -1.242 -0.79376 0 0.0152991 
3 -1.15962 -1.2516 -0.15765 0.137699 
4 -0.34923 -1.6198 -0.25688 0.203259 
5 0.637 0 -0.1372 
deltaT: 0.922
Glove: 
0 -1.39392 0.02918 0.07135 -0.06024 
1 -1.01808 -0.93376 0.3765 -0.168791 
2 -1.242 -0.79376 0 0.0152991 
3 -1.14205 -1.26948 -0.15765 0.137699 
4 -0.34923 -1.6198 -0.25688 0.203259 
5 0.637 0.00863 -0.1372 
deltaT: 1.031
Glove: 
0 -1.40976 0.02918 0.08562 -0.06024 
1 -1.01808 -0.93376 0.3765 -0.170309 
2 -1.22475 -0.79376 0 0.0137814 
3 -1.14205 -1.26948 -0.15765 0.142301 
4 -0.34923 -1.6198 -0.25688 0.207861 
5 0.637 0.00863 -0.1372 
deltaT: 1.125
Glove: 
0 -1.40976 0.02918 0.08562 -0.06526 
1 -1.01808 -0.93376 0.3765 -0.170309 
2 -1.22475 -0.79376 0 0.0137814 
3 -1.14205 -1.26948 -0.15765 0.142301 
4 -0.34923 -1.6198 -0.25688 0.207861 
5 0.637 0.01726 -0.1372 
deltaT: 1.234
Glove: 
0 -1.40976 0.02918 0.09989 -0.0753 
1 -1.00192 -0.93376 0.3765 -0.173685 
2 -1.22475 -0.79376 0 0.0148949 
3 -1.14205 -1.2516 -0.15765 0.143415 
4 -0.3326 -1.6198 -0.25688 0.203015 
5 0.637 0.01726 -0.1372 
deltaT: 1.328
Glove: 
0 -1.3464 0.02918 0.11416 -0.11546 
1 -0.98576 -0.94835 0.3765 -0.177062 
2 -1.19025 -0.79376 -0.02102 0.0160084 
3 -1.0542 -1.23372 -0.15765 0.144528 
4 -0.26608 -1.5834 -0.247 0.192208 
5 0.637 0.02589 -0.12152 
deltaT: 1.438
Glove: 
0 -1.20384 0.04377 0.07135 -0.18574 
1 -0.95344 -0.96294 0.3765 -0.175203 
2 -1.15575 -0.79376 -0.03153 0.0133771 
3 -1.00149 -1.23372 -0.14714 0.148017 
4 -0.21619 -1.5652 -0.22724 0.189737 
5 0.637 0.02589 -0.10192 
deltaT: 1.547
Glove: 
0 -1.28304 0.05836 0.08562 -0.18574 
1 -0.98576 -0.93376 0.3765 -0.161697 
2 -1.15575 -0.8118 -0.03153 0.00892304 
3 -1.00149 -1.28736 -0.15765 0.143563 
4 -0.23282 -1.5652 -0.22724 0.197203 
5 0.637 0.01726 -0.10192 
deltaT: 1.656
Glove: 
0 -1.29888 0.05836 0.08562 -0.18072 
1 -1.00192 -0.93376 0.3765 -0.156462 
2 -1.173 -0.82984 -0.04204 0.00517824 
3 -1.00149 -1.32312 -0.15765 0.145938 
4 -0.23282 -1.5834 -0.23712 0.217458 
5 0.637 0.01726 -0.10192 
deltaT: 1.75
Glove: 
0 -1.29888 0.05836 0.08562 -0.1757 
1 -1.01808 -0.91917 0.3765 -0.154603 
2 -1.173 -0.82984 -0.04204 0.00254696 
3 -1.00149 -1.35888 -0.16816 0.149427 
4 -0.23282 -1.6016 -0.23712 0.220947 
5 0.637 0.01726 -0.10976 
deltaT: 1.859
Glove: 
0 -1.28304 0.08754 0.08562 -0.1757 
1 -1.01808 -0.90458 0.3765 -0.162874 
2 -1.15575 -0.84788 -0.05255 0.00325624 
3 -0.96635 -1.39464 -0.16816 0.156256 
4 -0.21619 -1.6016 -0.23712 0.233736 
5 0.637 0.01726 -0.11368 
deltaT: 1.969
Glove: 
0 -1.28304 0.11672 0.08562 -0.18072 
1 -1.00192 -0.90458 0.3765 -0.176039 
2 -1.08675 -0.88396 -0.07357 0.00356128 
3 -0.8785 -1.41252 -0.17867 0.168801 
4 -0.1663 -1.6016 -0.23712 0.246281 
5 0.637 0.02589 -0.10976 
deltaT: 2.078
Glove: 
0 -1.23552 0.16049 0.08562 -0.19076 
1 -0.93728 -0.93376 0.3765 -0.19258 
2 -1.0005 -0.95612 -0.08408 0.00497984 
3 -0.82579 -1.4304 -0.19969 0.18246 
4 -0.13304 -1.5834 -0.21736 0.24802 
5 0.637 0.02589 -0.10976 
deltaT: 2.172
Glove: 
0 -1.17216 0.16049 0.08562 -0.21586 
1 -0.808 -1.03589 0.3765 -0.190721 
2 -0.897 -1.0824 -0.09459 0.00234856 
3 -0.75551 -1.4304 -0.19969 0.185949 
4 -0.11641 -1.547 -0.21736 0.227669 
5 0.637 0.01726 -0.11368 
deltaT: 2.281
Glove: 
0 -1.01376 0.16049 0.05708 -0.23594 
1 -0.71104 -0.97753 0.3012 -0.183968 
2 -0.84525 -1.04632 -0.07357 0.00012152 
3 -0.68523 -1.341 -0.15765 0.183722 
4 -0.08315 -1.4378 -0.20748 0.219482 
5 0.637 0.01726 -0.10584 
deltaT: 2.375
Glove: 
0 -0.72864 0 -0.04281 -0.37148 
1 -0.82416 -0.64196 0.28614 -0.167086 
2 -0.897 -0.77572 -0.04204 -0.00544608 
3 -0.72037 -1.1622 -0.12612 0.178154 
4 -0.11641 -1.365 -0.17784 0.213914 
5 0.637 0.06041 -0.10192 
deltaT: 2.484
Glove: 
0 -0.64944 -0.27721 -0.07135 -0.50702 
1 -0.90496 -0.35016 0.27861 -0.130286 
2 -0.98325 -0.37884 -0.05255 -0.0135458 
3 -0.75551 -0.7152 -0.08408 0.157814 
4 -0.1663 -1.092 -0.11856 0.187614 
5 0.637 0.06041 -0.10584 
deltaT: 2.594
Glove: 
0 -0.49104 -0.30639 -0.05708 -0.62248 
1 -0.69488 -0.10213 0.17319 -0.0987206 
2 -0.759 0.05412 -0.09459 -0.0179006 
3 -0.50953 -0.1788 -0.14714 0.135099 
4 -0.09978 -0.4914 -0.0494 0.170859 
5 0.637 -0.01726 -0.04704 
deltaT: 2.688
Glove: 
0 -0.3168 -0.2918 -0.02854 -0.64758 
1 -0.27472 0.01459 0.3765 -0.0972029 
2 -0.276 0.0902 -0.1051 -0.0163829 
3 -0.1757 0 -0.19969 0.130497 
4 0.09978 -0.0364 -0.12844 0.184137 
5 0.637 -0.07767 -0.01568 
deltaT: 2.797
Glove: 
0 -0.28512 -0.2918 -0.02854 -0.6526 
1 -0.14544 0.02918 0.15813 -0.0938264 
2 -0.18975 0.10824 -0.1051 -0.0174964 
3 -0.08785 0.01788 -0.19969 0.129384 
4 0.14967 0.0546 -0.13832 0.177064 
5 0.637 -0.10356 -0.01176 
deltaT: 2.906
Glove: 
0 -0.22176 -0.26262 -0.02854 -0.66766 
1 -0.09696 0.02918 0.1506 -0.0904499 
2 -0.138 0.12628 -0.1051 -0.0186099 
3 -0.05271 0.03576 -0.2102 0.12827 
4 0.18293 0.0728 -0.13832 0.16999 
5 0.637 -0.11219 -0.01176 
deltaT: 3.016
Glove: 
0 -0.14256 -0.26262 -0.01427 -0.67268 
1 0.01616 0.02918 0.14307 -0.102097 
2 -0.05175 0.14432 -0.1051 -0.0167871 
3 0.05271 0.03576 -0.2102 0.136213 
4 0.21619 0.1274 -0.13832 0.177933 
5 0.637 -0.12945 -0.02352 
deltaT: 3.109
Glove: 
0 -0.09504 -0.30639 -0.01427 -0.69276 
1 0.04848 0.04377 0.14307 -0.0818382 
2 -0.0345 0.14432 -0.1051 -0.0234682 
3 0.03514 0.05364 -0.16816 0.129532 
4 0.13304 0.1638 -0.0494 0.153372 
5 0.637 -0.13808 -0.03136 
deltaT: 3.219
Glove: 
0 -0.0792 -0.30639 -0.01427 -0.69276 
1 0.01616 0.05836 0.14307 -0.083356 
2 -0.0345 0.10824 -0.09459 -0.024986 
3 0.01757 0.01788 -0.12612 0.134134 
4 0.08315 0.1092 0.01976 0.163934 
5 0.637 -0.13808 -0.03528 
deltaT: 3.313
Glove: 
0 -0.06336 -0.30639 -0.01427 -0.69276 
1 0.01616 0.05836 0.13554 -0.083356 
2 -0.0345 0.0902 -0.08408 -0.024986 
3 0.01757 0 -0.1051 0.134134 
4 0.06652 0.091 0.02964 0.163934 
5 0.637 -0.13808 -0.03528 
deltaT: 3.422
Glove: 
0 -0.06336 -0.30639 -0.01427 -0.69276 
1 -0.01616 0.05836 0.13554 -0.0799795 
2 -0.0345 0.0902 -0.08408 -0.0260995 
3 0.01757 0 -0.1051 0.13302 
4 0.06652 0.091 0.03952 0.16282 
5 0.637 -0.13808 -0.0392 
deltaT: 3.531
Glove: 
0 -0.06336 -0.30639 -0.02854 -0.68774 
1 -0.06464 0.07295 0.13554 -0.0799795 
2 -0.05175 0.0902 -0.08408 -0.0260995 
3 -0.01757 0.01788 -0.1051 0.13302 
4 0.04989 0.091 0.03952 0.16282 
5 0.637 -0.13808 -0.0392 
deltaT: 3.625
Glove: 
0 -0.06336 -0.30639 -0.02854 -0.68774 
1 -0.06464 0.07295 0.13554 -0.0784618 
2 -0.069 0.10824 -0.08408 -0.0245818 
3 -0.01757 0.03576 -0.1051 0.128418 
4 0.04989 0.1092 0.03952 0.158218 
5 0.637 -0.13808 -0.0392 
deltaT: 3.734
Glove: 
0 -0.06336 -0.30639 -0.02854 -0.68272 
1 -0.0808 0.07295 0.13554 -0.0784618 
2 -0.069 0.10824 -0.08408 -0.0245818 
3 -0.01757 0.03576 -0.1051 0.128418 
4 0.04989 0.1092 0.03952 0.158218 
5 0.637 -0.13808 -0.0392 
deltaT: 3.844
Glove: 
0 -0.06336 -0.30639 -0.02854 -0.68272 
1 -0.0808 0.07295 0.13554 -0.0784618 
2 -0.069 0.10824 -0.08408 -0.0245818 
3 -0.01757 0.03576 -0.1051 0.128418 
4 0.04989 0.1092 0.03952 0.158218 
5 0.637 -0.12945 -0.0392 
deltaT: 3.953
Glove: 
0 -0.06336 -0.30639 -0.02854 -0.68272 
1 -0.0808 0.07295 0.13554 -0.0784618 
2 -0.069 0.10824 -0.08408 -0.0245818 
3 -0.01757 0.03576 -0.1051 0.128418 
4 0.04989 0.1092 0.03952 0.158218 
5 0.637 -0.12945 -0.0392 
deltaT: 4.047
Glove: 
0 -0.06336 -0.30639 -0.02854 -0.68272 
1 -0.06464 0.07295 0.13554 -0.0784618 
2 -0.069 0.10824 -0.08408 -0.0245818 
3 -0.01757 0.03576 -0.1051 0.128418 
4 0.04989 0.1092 0.03952 0.158218 
5 0.637 -0.12945 -0.0392 
deltaT: 4.156
Glove: 
0 -0.06336 -0.30639 -0.02854 -0.68272 
1 -0.06464 0.07295 0.13554 -0.0784618 
2 -0.069 0.10824 -0.08408 -0.0245818 
3 -0.01757 0.03576 -0.1051 0.128418 
4 0.04989 0.1092 0.03952 0.158218 
5 0.637 -0.12945 -0.0392 
deltaT: 4.25
Glove: 
0 -0.06336 -0.30639 -0.02854 -0.68272 
1 -0.04848 0.07295 0.13554 -0.0784618 
2 -0.069 0.10824 -0.08408 -0.0245818 
3 -0.01757 0.03576 -0.1051 0.128418 
4 0.04989 0.1092 0.03952 0.158218 
5 0.637 -0.12945 -0.0392 
deltaT: 4.359
Glove: 
0 -0.06336 -0.30639 -0.02854 -0.68272 
1 -0.04848 0.07295 0.13554 -0.0784618 
2 -0.069 0.10824 -0.08408 -0.0245818 
3 -0.01757 0.03576 -0.1051 0.128418 
4 0.04989 0.1092 0.03952 0.158218 
5 0.637 -0.12945 -0.0392 
deltaT: 4.453
Glove: 
0 -0.0792 -0.30639 -0.02854 -0.68272 
1 -0.04848 0.07295 0.13554 -0.0784618 
2 -0.069 0.10824 -0.08408 -0.0245818 
3 -0.01757 0.03576 -0.1051 0.128418 
4 0.04989 0.1092 0.03952 0.158218 
5 0.637 -0.12945 -0.0392 
deltaT: 4.563
Glove: 
0 -0.0792 -0.2918 -0.04281 -0.6777 
1 -0.04848 0.07295 0.13554 -0.0784618 
2 -0.069 0.10824 -0.08408 -0.0245818 
3 -0.01757 0.03576 -0.1051 0.128418 
4 0.04989 0.1092 0.03952 0.158218 
5 0.637 -0.12945 -0.0392 
deltaT: 4.672
Glove: 
0 -0.0792 -0.2918 -0.04281 -0.6777 
1 -0.04848 0.07295 0.13554 -0.0784618 
2 -0.05175 0.10824 -0.08408 -0.0245818 
3 -0.01757 0.03576 -0.1051 0.128418 
4 0.04989 0.1092 0.03952 0.158218 
5 0.637 -0.12945 -0.0392 
deltaT: 4.766
Glove: 
0 -0.09504 -0.27721 -0.04281 -0.66766 
1 -0.04848 0.07295 0.13554 -0.0784618 
2 -0.05175 0.10824 -0.08408 -0.0245818 
3 -0.01757 0.01788 -0.1051 0.128418 
4 0.04989 0.1092 0.03952 0.158218 
5 0.637 -0.12945 -0.0392 
deltaT: 4.875
Glove: 
0 -0.09504 -0.27721 -0.04281 -0.66766 
1 -0.04848 0.07295 0.13554 -0.0784618 
2 -0.05175 0.10824 -0.08408 -0.0245818 
3 -0.01757 0.01788 -0.1051 0.128418 
4 0.04989 0.1092 0.03952 0.158218 
5 0.637 -0.12945 -0.0392 
deltaT: 4.969
Glove: 
0 -0.09504 -0.27721 -0.04281 -0.66766 
1 -0.04848 0.07295 0.13554 -0.0784618 
2 -0.05175 0.10824 -0.08408 -0.0245818 
3 -0.01757 0.01788 -0.1051 0.128418 
4 0.04989 0.1092 0.03952 0.158218 
5 0.637 -0.12945 -0.0392 
deltaT: 5.078
Glove: 
0 -0.09504 -0.27721 -0.04281 -0.66766 
1 -0.04848 0.07295 0.13554 -0.0784618 
2 -0.05175 0.10824 -0.08408 -0.0245818 
3 -0.01757 0.01788 -0.1051 0.128418 
4 0.04989 0.1092 0.03952 0.158218 
5 0.637 -0.12945 -0.0392 
deltaT: 5.172
Glove: 
0 -0.09504 -0.27721 -0.04281 -0.67268 
1 -0.04848 0.07295 0.13554 -0.0784618 
2 -0.05175 0.0902 -0.08408 -0.0245818 
3 0 0.01788 -0.1051 0.128418 
4 0.04989 0.1092 0.03952 0.158218 
5 0.637 -0.12945 -0.0392 
deltaT: 5.281
Glove: 
0 -0.09504 -0.27721 -0.04281 -0.67268 
1 -0.03232 0.07295 0.13554 -0.0784618 
2 -0.05175 0.0902 -0.08408 -0.0245818 
3 0 0.01788 -0.1051 0.128418 
4 0.04989 0.1092 0.03952 0.158218 
5 0.637 -0.12945 -0.0392 
deltaT: 5.391
Glove: 
0 -0.14256 -0.26262 -0.04281 -0.65762 
1 -0.01616 0.05836 0.13554 -0.0784618 
2 -0.05175 0.0902 -0.08408 -0.0245818 
3 0 0.01788 -0.1051 0.128418 
4 0.06652 0.1092 0.03952 0.158218 
5 0.637 -0.12945 -0.03528 
deltaT: 5.484
Glove: 
0 -0.1584 -0.24803 -0.02854 -0.64758 
1 0 0.02918 0.12048 -0.083697 
2 -0.05175 0.0902 -0.08408 -0.020837 
3 0.01757 0 -0.11561 0.126043 
4 0.09978 0.091 0.02964 0.149883 
5 0.637 -0.12945 -0.03528 
deltaT: 5.594
Glove: 
0 -0.28512 0.04377 0.05708 -0.54216 
1 -0.12928 -0.07295 0.11295 -0.130286 
2 -0.1035 0.01804 -0.07357 -0.0135458 
3 0.03514 -0.10728 -0.09459 0.157814 
4 0.1663 -0.1092 0 0.187614 
5 0.637 -0.09493 -0.01176 
deltaT: 5.703
Glove: 
0 -0.50688 0.1459 0.05708 -0.31626 
1 -0.25856 -0.20426 0.12801 -0.153239 
2 -0.276 -0.12628 -0.03153 -0.0140492 
3 -0.03514 -0.25032 -0.03153 0.181791 
4 0.1663 -0.273 0 0.223511 
5 0.637 -0.06904 -0.01176 
deltaT: 5.797
Glove: 
0 -0.6336 0.08754 0.01427 -0.21586 
1 -0.43632 -0.67114 0.13554 -0.174675 
2 -0.414 -0.57728 0 -0.0130349 
3 -0.19327 -0.73308 0.01051 0.201165 
4 0.09978 -0.7826 0 0.254805 
5 0.637 -0.02589 -0.03528 
deltaT: 5.906
Glove: 
0 -0.93456 -0.01459 -0.07135 -0.13052 
1 -0.66256 -1.40064 -0.03012 -0.179569 
2 -0.7245 -1.29888 -0.13663 -0.0134391 
3 -0.57981 -1.5198 -0.18918 0.206881 
4 -0.18293 -1.6562 -0.1976 0.260521 
5 0.637 0.05178 -0.08232 
deltaT: 6
Glove: 
0 -1.1088 -0.07295 -0.17124 -0.06526 
1 -0.82416 -1.85293 -0.27108 -0.16724 
2 -0.8625 -1.804 -0.36785 -0.02356 
3 -0.8785 -2.09196 -0.43091 0.21512 
4 -0.46564 -2.2022 -0.53352 0.28664 
5 0.637 0.10356 -0.10976 
deltaT: 6.109
Glove: 
0 -0.98208 -0.20426 -0.38529 -0.02008 
1 -1.22816 -1.92588 0.27108 -0.182605 
2 -1.22475 -1.87616 -0.28377 -0.0164746 
3 -1.35289 -2.25288 -0.56754 0.216085 
4 -0.96454 -2.3478 -0.67184 0.281645 
5 0.637 0.12082 -0.13328 
deltaT: 6.203
Glove: 
0 -0.9504 -0.24803 -0.5708 -0.00502 
1 -1.3736 -2.01342 0.3765 -0.230711 
2 -1.36275 -1.87616 0.06306 -0.0107012 
3 -1.51102 -2.25288 -0.66213 0.252459 
4 -1.18073 -2.3114 -0.77064 0.318019 
5 0.637 0.11219 -0.14504 
deltaT: 6.313
Glove: 
0 -1.01376 -0.23344 -0.59934 0 
1 -1.38976 -2.05719 0.3765 -0.249111 
2 -1.38 -1.85812 0.09459 -0.00665136 
3 -1.54616 -2.235 -0.7357 0.262629 
4 -1.24725 -2.2932 -0.82004 0.328189 
5 0.637 0.11219 -0.14504 
deltaT: 6.422
Glove: 
0 -1.0296 -0.21885 -0.59934 0.00502 
1 -1.38976 -2.05719 0.3765 -0.255864 
2 -1.39725 -1.84008 0.08408 -0.00442432 
3 -1.54616 -2.235 -0.7357 0.264856 
4 -1.24725 -2.2932 -0.82004 0.330416 
5 0.637 0.11219 -0.14112 
deltaT: 6.516
Glove: 
0 -1.06128 -0.21885 -0.58507 0 
1 -1.35744 -2.02801 0.3765 -0.249111 
2 -1.38 -1.85812 0.01051 -0.00665136 
3 -1.54616 -2.235 -0.70417 0.262629 
4 -1.24725 -2.2932 -0.81016 0.328189 
5 0.637 0.11219 -0.1372 
deltaT: 6.625
Glove: 
0 -1.20384 -0.17508 -0.35675 -0.07028 
1 -1.11504 -1.8967 -0.21084 -0.20404 
2 -1.19025 -1.85812 -0.44142 -0.0154603 
3 -1.28261 -2.16348 -0.58856 0.23546 
4 -0.91465 -2.2204 -0.66196 0.31294 
5 0.637 0.09493 -0.11368 
deltaT: 6.719
Glove: 
0 -1.0296 -0.16049 -0.15697 -0.13554 
1 -0.74336 -1.57572 -0.03765 -0.206735 
2 -0.7935 -1.6236 -0.28377 -0.0226449 
3 -0.68523 -1.8774 -0.43091 0.252755 
4 -0.23282 -1.9656 -0.38532 0.342155 
5 0.637 0.05178 -0.06664 
deltaT: 6.828
Glove: 
0 -0.8712 -0.08754 -0.08562 -0.1506 
1 -0.63024 -0.94835 0.12048 -0.221077 
2 -0.56925 -1.15456 -0.04204 -0.0280066 
3 -0.42168 -1.44828 -0.19969 0.277993 
4 -0.03326 -1.5834 -0.20748 0.385273 
5 0.637 0.03452 -0.04704 
deltaT: 6.922
Glove: 
0 -0.74448 0.04377 0.02854 -0.13554 
1 -0.46864 -0.33557 0.10542 -0.266984 
2 -0.3795 -0.30668 -0.04204 -0.0290135 
3 -0.24598 -0.55428 -0.08408 0.325946 
4 0.06652 -0.7826 -0.06916 0.486866 
5 0.637 0 -0.03136 
deltaT: 7.031
Glove: 
0 -0.7128 0.1459 0.1427 -0.1255 
1 -0.1616 -0.07295 0.06024 -0.337703 
2 -0.08625 0.07216 -0.08408 -0.0278926 
3 -0.03514 -0.0894 -0.15765 0.394387 
4 0.14967 -0.1638 -0.01976 0.585107 
5 0.637 -0.01726 -0.02744 
deltaT: 7.141
Glove: 
0 -0.72864 0.1459 0.1427 -0.12048 
1 -0.1616 -0.07295 0.06024 -0.33922 
2 -0.069 0.07216 -0.08408 -0.0294103 
3 -0.03514 -0.0894 -0.14714 0.39899 
4 0.1663 -0.1456 -0.01976 0.58971 
5 0.637 -0.01726 -0.02744 
deltaT: 7.234
Glove: 
0 -0.74448 0.1459 0.1427 -0.12048 
1 -0.1616 -0.1459 0.0753 -0.33922 
2 -0.08625 0 -0.06306 -0.0294103 
3 -0.03514 -0.10728 -0.12612 0.39899 
4 0.1663 -0.1638 -0.01976 0.58971 
5 0.637 -0.01726 -0.02744 
deltaT: 7.344
Glove: 
0 -0.792 0.13131 0.11416 -0.11044 
1 -0.25856 -0.39393 0.09036 -0.319984 
2 -0.18975 -0.28864 0 -0.0236443 
3 -0.10542 -0.33972 -0.04204 0.368036 
4 0.09978 -0.455 0.00988 0.570676 
5 0.637 -0.01726 -0.02352 
deltaT: 7.438
Glove: 
0 -0.8712 0.05836 0.04281 -0.10542 
1 -0.46864 -0.88999 0.08283 -0.26243 
2 -0.43125 -0.82984 0 -0.0244602 
3 -0.29869 -0.9834 -0.03153 0.31214 
4 -0.08315 -1.092 -0.0494 0.49094 
5 0.637 -0.00863 -0.03528 
deltaT: 7.547
Glove: 
0 -1.0296 -0.05836 -0.05708 -0.1004 
1 -0.6464 -1.38605 -0.06777 -0.214324 
2 -0.67275 -1.31692 -0.14714 -0.0302337 
3 -0.59738 -1.55556 -0.2102 0.275766 
4 -0.31597 -1.6744 -0.247 0.418806 
5 0.637 0.01726 -0.0588 
deltaT: 7.656
Glove: 
0 -1.1088 -0.1459 -0.17124 -0.07028 
1 -0.808 -1.7508 -0.27108 -0.200818 
2 -0.84525 -1.69576 -0.30479 -0.0346878 
3 -0.86093 -2.02044 -0.34683 0.271312 
4 -0.56542 -2.093 -0.58292 0.396472 
5 0.637 0.06041 -0.09408 
deltaT: 7.75
Glove: 
0 -1.12464 -0.17508 -0.2854 -0.03514 
1 -1.09888 -1.8967 -0.28614 -0.179382 
2 -1.104 -1.85812 -0.38887 -0.0357021 
3 -1.2299 -2.235 -0.43091 0.251938 
4 -0.93128 -2.3296 -0.741 0.347298 
5 0.637 0.07767 -0.12544 
deltaT: 7.859
Glove: 
0 -0.99792 -0.24803 -0.39956 -0.01506 
1 -1.2928 -1.91129 0.14307 -0.187994 
2 -1.2765 -1.87616 -0.30479 -0.0308438 
3 -1.42317 -2.27076 -0.47295 0.250676 
4 -1.13084 -2.3478 -0.81016 0.328156 
5 0.637 0.07767 -0.14112 
deltaT: 7.953
Glove: 
0 -1.01376 -0.26262 -0.52799 -0.01004 
1 -1.38976 -1.94047 0.3765 -0.20977 
2 -1.3455 -1.87616 -0.16816 -0.0256804 
3 -1.51102 -2.27076 -0.55703 0.26196 
4 -1.24725 -2.3296 -0.85956 0.33944 
5 0.637 0.07767 -0.15288 
deltaT: 8.063
Glove: 
0 -1.0296 -0.26262 -0.54226 -0.00502 
1 -1.38976 -1.95506 0.3765 -0.2199 
2 -1.36275 -1.87616 -0.15765 -0.0223398 
3 -1.52859 -2.27076 -0.60958 0.2653 
4 -1.26388 -2.3296 -0.87932 0.34278 
5 0.637 0.07767 -0.15288 
deltaT: 8.172
Glove: 
0 -1.04544 -0.24803 -0.55653 0 
1 -1.40592 -1.96965 0.3765 -0.223276 
2 -1.36275 -1.87616 -0.14714 -0.0212263 
3 -1.54616 -2.25288 -0.62009 0.266414 
4 -1.29714 -2.3114 -0.8892 0.343894 
5 0.637 0.07767 -0.15288 
deltaT: 8.266
Glove: 
0 -1.14048 -0.24803 -0.45664 -0.03012 
1 -1.2928 -1.94047 0.0753 -0.206394 
2 -1.311 -1.87616 -0.37836 -0.0267939 
3 -1.44074 -2.25288 -0.53601 0.260846 
4 -1.18073 -2.2932 -0.82004 0.344286 
5 0.637 0.07767 -0.13328 
deltaT: 8.375
Glove: 
0 -1.15632 -0.18967 -0.24259 -0.10542 
1 -0.95344 -1.7508 -0.21837 -0.189852 
2 -1.01775 -1.73184 -0.36785 -0.0282125 
3 -1.03663 -2.0562 -0.47295 0.247188 
4 -0.68183 -2.1294 -0.60268 0.336588 
5 0.637 0.06041 -0.09016 
deltaT: 8.469
Glove: 
0 -0.98208 -0.13131 -0.17124 -0.13554 
1 -0.74336 -1.26933 0 -0.202676 
2 -0.69 -1.353 -0.14714 -0.0320565 
3 -0.61495 -1.64496 -0.3153 0.267824 
4 -0.14967 -1.8018 -0.32604 0.351264 
5 0.637 0.02589 -0.05096 
deltaT: 8.578
Glove: 
0 -0.792 0.02918 -0.01427 -0.13052 
1 -0.5656 -0.36475 0.09036 -0.262089 
2 -0.46575 -0.32472 -0.03153 -0.0286093 
3 -0.31626 -0.6258 -0.09459 0.320231 
4 0.06652 -0.8554 -0.08892 0.445391 
5 0.637 0 -0.03136 
deltaT: 8.672
Glove: 
0 -0.76032 0.13131 0.09989 -0.12048 
1 -0.33936 -0.10213 0.05271 -0.313231 
2 -0.2415 0.03608 -0.07357 -0.0258714 
3 -0.14056 -0.23244 -0.12612 0.365809 
4 0.14967 -0.4004 0 0.508849 
5 0.637 -0.00863 -0.02744 
deltaT: 8.781
Glove: 
0 -0.77616 0.1459 0.11416 -0.11546 
1 -0.27472 -0.08754 0.04518 -0.324538 
2 -0.1725 0.05412 -0.08408 -0.0281976 
3 -0.12299 -0.19668 -0.13663 0.381842 
4 0.1663 -0.3276 0 0.524882 
5 0.637 -0.01726 -0.02744 
deltaT: 8.875
Glove: 
0 -0.77616 0.1459 0.12843 -0.11546 
1 -0.27472 -0.1459 0.06024 -0.324538 
2 -0.1725 0 -0.07357 -0.0281976 
3 -0.12299 -0.19668 -0.12612 0.381842 
4 0.1663 -0.3276 0 0.536802 
5 0.637 -0.01726 -0.02744 
deltaT: 8.984
Glove: 
0 -0.80784 0.11672 0.09989 -0.10542 
1 -0.3232 -0.45229 0.08283 -0.323361 
2 -0.22425 -0.34276 0.01051 -0.0225308 
3 -0.14056 -0.447 -0.04204 0.369149 
4 0.13304 -0.5278 0 0.536029 
5 0.637 -0.01726 -0.02744 
deltaT: 9.094
Glove: 
0 -0.93456 0.05836 0.02854 -0.10542 
1 -0.46864 -1.00671 0.03765 -0.282689 
2 -0.43125 -0.93808 -0.02102 -0.0177791 
3 -0.29869 -1.03704 -0.06306 0.318821 
4 0 -1.1466 -0.07904 0.473781 
5 0.637 -0.00863 -0.03136 
deltaT: 9.188
Glove: 
0 -1.0296 -0.04377 -0.08562 -0.09538 
1 -0.67872 -1.40064 -0.12801 -0.237959 
2 -0.70725 -1.38908 -0.17867 -0.022439 
3 -0.59738 -1.57344 -0.23122 0.283561 
4 -0.23282 -1.6926 -0.26676 0.408721 
5 0.637 0.00863 -0.05096 
deltaT: 9.297
Glove: 
0 -1.14048 -0.13131 -0.17124 -0.07028 
1 -0.85648 -1.7508 -0.32379 -0.204535 
2 -0.897 -1.76792 -0.33632 -0.0294252 
3 -0.8785 -2.0562 -0.40989 0.264335 
4 -0.4989 -2.093 -0.58292 0.377575 
5 0.637 0.02589 -0.07448 
deltaT: 9.391
Glove: 
0 -1.15632 -0.17508 -0.19978 -0.05522 
1 -1.00192 -1.85293 -0.3765 -0.19137 
2 -1.01775 -1.87616 -0.38887 -0.0297302 
3 -1.07177 -2.21712 -0.46244 0.25179 
4 -0.68183 -2.2386 -0.70148 0.34715 
5 0.637 0.03452 -0.09408 
deltaT: 9.5
Glove: 
0 -0.99792 -0.23344 -0.39956 -0.0251 
1 -1.2928 -1.8967 -0.09789 -0.191711 
2 -1.29375 -1.91224 -0.35734 -0.0255812 
3 -1.42317 -2.27076 -0.51499 0.243699 
4 -1.09758 -2.2932 -0.77064 0.315219 
5 0.637 0.04315 -0.12152 
deltaT: 9.594
Glove: 
0 -0.98208 -0.26262 -0.54226 -0.01506 
1 -1.40592 -1.94047 0.10542 -0.215006 
2 -1.38 -1.8942 -0.33632 -0.0219356 
3 -1.54616 -2.25288 -0.64111 0.259584 
4 -1.21399 -2.275 -0.82004 0.331104 
5 0.637 0.04315 -0.1372 
deltaT: 9.703
Glove: 
0 -0.99792 -0.26262 -0.61361 -0.01004 
1 -1.43824 -1.96965 0.18825 -0.230029 
2 -1.4145 -1.8942 -0.38887 -0.0189993 
3 -1.56373 -2.235 -0.7357 0.268641 
4 -1.28051 -2.2568 -0.84968 0.334201 
5 0.637 0.04315 -0.14112 
deltaT: 9.813
Glove: 
0 -1.0296 -0.24803 -0.59934 -0.01004 
1 -1.42208 -1.96965 0.1506 -0.226653 
2 -1.39725 -1.87616 -0.40989 -0.0201128 
3 -1.56373 -2.235 -0.70417 0.267527 
4 -1.26388 -2.2568 -0.84968 0.345007 
5 0.637 0.04315 -0.1372 
deltaT: 9.906
Glove: 
0 -1.188 -0.24803 -0.37102 -0.06024 
1 -1.22816 -1.8967 -0.31626 -0.2015 
2 -1.2765 -1.87616 -0.48346 -0.0263897 
3 -1.38803 -2.21712 -0.56754 0.25513 
4 -1.06432 -2.2204 -0.741 0.33261 
5 0.637 0.04315 -0.10976 
deltaT: 10.016
Glove: 
0 -1.1088 -0.21885 -0.22832 -0.11546 
1 -0.92112 -1.67785 -0.21084 -0.193229 
2 -0.966 -1.7138 -0.36785 -0.027099 
3 -0.93121 -2.00256 -0.49397 0.248301 
4 -0.4989 -2.0748 -0.51376 0.337701 
5 0.637 0.02589 -0.07056 
deltaT: 10.109
Glove: 
0 -0.93456 -0.18967 -0.15697 -0.14056 
1 -0.77568 -1.15261 0.03012 -0.212806 
2 -0.759 -1.37104 -0.15765 -0.0287159 
3 -0.65009 -1.6092 -0.30479 0.271164 
4 -0.19956 -1.7472 -0.2964 0.360564 
5 0.637 0.01726 -0.04312 
deltaT: 10.219
Glove: 
0 -0.792 -0.05836 -0.02854 -0.14558 
1 -0.6464 -0.39393 0.08283 -0.243689 
2 -0.621 -0.41492 -0.04204 -0.0326591 
3 -0.45682 -0.64368 -0.1051 0.310061 
4 0 -0.8736 -0.08892 0.441181 
5 0.637 0 -0.02744 
deltaT: 10.313
Glove: 
0 -0.74448 0.07295 0.08562 -0.13554 
1 -0.404 -0.13131 0.05271 -0.305302 
2 -0.345 0 -0.08408 -0.0224316 
3 -0.24598 -0.19668 -0.15765 0.350888 
4 0.09978 -0.3822 -0.01976 0.499888 
5 0.637 -0.01726 -0.02352 
deltaT: 10.422
Glove: 
0 -0.74448 0.13131 0.11416 -0.13052 
1 -0.29088 -0.10213 0.04518 -0.326055 
2 -0.22425 0.03608 -0.09459 -0.0297154 
3 -0.15813 -0.12516 -0.16816 0.386445 
4 0.13304 -0.273 -0.00988 0.553325 
5 0.637 -0.02589 -0.02352 
deltaT: 10.516
Glove: 
0 -0.74448 0.13131 0.11416 -0.13052 
1 -0.29088 -0.11672 0.04518 -0.326055 
2 -0.207 0.03608 -0.09459 -0.0297154 
3 -0.14056 -0.12516 -0.16816 0.386445 
4 0.13304 -0.273 -0.00988 0.553325 
5 0.637 -0.02589 -0.0196 
deltaT: 10.625
Glove: 
0 -0.76032 0.13131 0.11416 -0.1255 
1 -0.29088 -0.18967 0.06024 -0.326055 
2 -0.207 -0.03608 -0.07357 -0.0297154 
3 -0.14056 -0.1788 -0.13663 0.386445 
4 0.13304 -0.2912 -0.00988 0.559285 
5 0.637 -0.02589 -0.0196 
deltaT: 10.734
Glove: 
0 -0.82368 0.08754 0.08562 -0.12048 
1 -0.35552 -0.5836 0.0753 -0.321502 
2 -0.29325 -0.50512 0 -0.0251621 
3 -0.19327 -0.5364 -0.04204 0.372638 
4 0.06652 -0.6006 -0.00988 0.551438 
5 0.637 -0.02589 -0.0196 
deltaT: 10.828
Glove: 
0 -0.9504 0.01459 0 -0.11044 
1 -0.5656 -1.13802 -0.00753 -0.258218 
2 -0.60375 -1.0824 -0.07357 -0.0157579 
3 -0.45682 -1.1622 -0.1051 0.290242 
4 -0.11641 -1.2558 -0.0988 0.433282 
5 0.637 -0.00863 -0.02744 
deltaT: 10.938
Glove: 
0 -1.0296 -0.05836 -0.04281 -0.10542 
1 -0.71104 -1.41523 -0.13554 -0.224794 
2 -0.77625 -1.37104 -0.18918 -0.0227441 
3 -0.63252 -1.53768 -0.25224 0.271016 
4 -0.26608 -1.6016 -0.23712 0.390216 
5 0.637 0 -0.0392 
deltaT: 11.031
Glove: 
0 -1.1088 -0.13131 -0.1427 -0.08534 
1 -0.90496 -1.76539 -0.34638 -0.204876 
2 -0.98325 -1.804 -0.34683 -0.0252762 
3 -0.94878 -2.07408 -0.45193 0.256244 
4 -0.54879 -2.0748 -0.5928 0.363524 
5 0.637 0.01726 -0.06272 
deltaT: 11.141
Glove: 
0 -1.09296 -0.17508 -0.19978 -0.05522 
1 -1.14736 -1.85293 -0.3765 -0.188335 
2 -1.19025 -1.91224 -0.37836 -0.0266947 
3 -1.24747 -2.25288 -0.5255 0.242585 
4 -0.86476 -2.2568 -0.72124 0.331985 
5 0.637 0.02589 -0.08624 
deltaT: 11.25
Glove: 
0 -0.9504 -0.24803 -0.37102 -0.03514 
1 -1.32512 -1.8967 -0.13554 -0.203358 
2 -1.3455 -1.91224 -0.37836 -0.0237584 
3 -1.47588 -2.27076 -0.57805 0.251642 
4 -1.13084 -2.275 -0.78052 0.317202 
5 0.637 0.02589 -0.10192 
deltaT: 11.344
Glove: 
0 -0.96624 -0.26262 -0.49945 -0.03012 
1 -1.40592 -1.95506 0.01506 -0.226653 
2 -1.39725 -1.8942 -0.37836 -0.0201128 
3 -1.54616 -2.235 -0.71468 0.267527 
4 -1.23062 -2.2568 -0.8398 0.333087 
5 0.637 0.02589 -0.11368 
deltaT: 11.453
Glove: 
0 -0.99792 -0.26262 -0.54226 -0.02008 
1 -1.42208 -1.98424 0.04518 -0.246571 
2 -1.4145 -1.8942 -0.4204 -0.0175807 
3 -1.56373 -2.235 -0.75672 0.282299 
4 -1.28051 -2.2568 -0.86944 0.347859 
5 0.637 0.02589 -0.11368 
deltaT: 11.547
Glove: 
0 -0.99792 -0.24803 -0.55653 -0.02008 
1 -1.42208 -1.98424 0.03765 -0.246571 
2 -1.4145 -1.8942 -0.43091 -0.0175807 
3 -1.56373 -2.235 -0.74621 0.282299 
4 -1.28051 -2.2386 -0.86944 0.347859 
5 0.637 0.02589 -0.11368 
deltaT: 11.656
Glove: 
0 -1.1088 -0.23344 -0.37102 -0.05522 
1 -1.27664 -1.92588 -0.26355 -0.216523 
2 -1.32825 -1.8942 -0.49397 -0.0234534 
3 -1.44074 -2.235 -0.6306 0.264187 
4 -1.11421 -2.2386 -0.78052 0.341667 
5 0.637 0.02589 -0.098 
deltaT: 11.75
Glove: 
0 -1.06128 -0.20426 -0.19978 -0.11546 
1 -0.95344 -1.70703 -0.21084 -0.20977 
2 -1.01775 -1.73184 -0.4204 -0.0256804 
3 -0.98392 -2.02044 -0.53601 0.26196 
4 -0.53216 -2.0748 -0.53352 0.35732 
5 0.637 0.00863 -0.05096 
deltaT: 11.859
Glove: 
0 -0.91872 -0.16049 -0.12843 -0.13554 
1 -0.77568 -1.21097 0.03012 -0.220736 
2 -0.759 -1.37104 -0.17867 -0.0321557 
3 -0.63252 -1.59132 -0.3153 0.286084 
4 -0.19956 -1.7108 -0.28652 0.393364 
5 0.637 0 -0.03136 
deltaT: 11.969
Glove: 
0 -0.83952 -0.11672 -0.09989 -0.14056 
1 -0.71104 -0.80245 0.09789 -0.235418 
2 -0.67275 -0.97416 -0.05255 -0.0333684 
3 -0.5271 -1.2516 -0.16816 0.303232 
4 -0.09978 -1.365 -0.17784 0.428392 
5 0.637 -0.00863 -0.02352 
deltaT: 12.063
Glove: 
0 -0.7128 0 0.02854 -0.14558 
1 -0.51712 -0.23344 0.06777 -0.267324 
2 -0.46575 -0.14432 -0.07357 -0.0248645 
3 -0.31626 -0.39336 -0.12612 0.317856 
4 0.04989 -0.637 -0.0494 0.466856 
5 0.637 -0.01726 -0.01568 
deltaT: 12.172
Glove: 
0 -0.66528 0.08754 0.08562 -0.14558 
1 -0.3232 -0.10213 0.04518 -0.305302 
2 -0.2415 0.03608 -0.09459 -0.0224316 
3 -0.15813 -0.14304 -0.16816 0.350888 
4 0.11641 -0.3458 -0.00988 0.505848 
5 0.637 -0.02589 -0.01568 
deltaT: 12.266
Glove: 
0 -0.66528 0.10213 0.09989 -0.14558 
1 -0.25856 -0.08754 0.03765 -0.311714 
2 -0.18975 0.03608 -0.09459 -0.0243536 
3 -0.12299 -0.12516 -0.16816 0.361206 
4 0.14967 -0.3094 -0.00988 0.522126 
5 0.637 -0.02589 -0.01568 
deltaT: 12.375
Glove: 
0 -0.68112 0.10213 0.09989 -0.14056 
1 -0.25856 -0.11672 0.03765 -0.313231 
2 -0.18975 0.03608 -0.09459 -0.0258714 
3 -0.12299 -0.12516 -0.16816 0.365809 
4 0.14967 -0.3094 0 0.526729 
5 0.637 -0.02589 -0.01568 
deltaT: 12.469
Glove: 
0 -0.7128 0.07295 0.08562 -0.13554 
1 -0.27472 -0.2918 0.0753 -0.319984 
2 -0.22425 -0.12628 -0.04204 -0.0236443 
3 -0.14056 -0.23244 -0.12612 0.368036 
4 0.09978 -0.4368 0 0.528956 
5 0.637 -0.02589 -0.01568 
deltaT: 12.578
Glove: 
0 -0.792 0.04377 0.04281 -0.13052 
1 -0.37168 -0.70032 0.0753 -0.299231 
2 -0.345 -0.6314 0.01051 -0.0163606 
3 -0.21084 -0.7152 -0.04204 0.332479 
4 0.03326 -0.819 -0.03952 0.499359 
5 0.637 -0.02589 -0.01568 
deltaT: 12.688
Glove: 
0 -0.8712 0 0.01427 -0.1255 
1 -0.50096 -1.07966 0.01506 -0.269524 
2 -0.50025 -1.02828 -0.06306 -0.0180842 
3 -0.3514 -1.18008 -0.11561 0.306276 
4 -0.06652 -1.2922 -0.10868 0.455276 
5 0.637 -0.02589 -0.0196 
deltaT: 12.781
Glove: 
0 -0.98208 -0.04377 -0.05708 -0.12048 
1 -0.69488 -1.37146 -0.12048 -0.224453 
2 -0.70725 -1.37104 -0.18918 -0.0268931 
3 -0.57981 -1.6092 -0.27326 0.279107 
4 -0.24945 -1.6744 -0.26676 0.398307 
5 0.637 -0.00863 -0.02744 
deltaT: 12.891
Glove: 
0 -1.04544 -0.10213 -0.11416 -0.10542 
1 -0.82416 -1.61949 -0.26355 -0.209429 
2 -0.87975 -1.6236 -0.30479 -0.0298294 
3 -0.80822 -1.93104 -0.40989 0.270051 
4 -0.39912 -1.9838 -0.48412 0.377331 
5 0.637 0 -0.04312 
deltaT: 12.984
Glove: 
0 -1.1088 -0.17508 -0.17124 -0.08534 
1 -0.9696 -1.77998 -0.36144 -0.192888 
2 -1.01775 -1.82204 -0.37836 -0.031248 
3 -1.00149 -2.16348 -0.48346 0.256392 
4 -0.61531 -2.2022 -0.65208 0.357712 
5 0.637 0.00863 -0.0588 
deltaT: 13.094
Glove: 
0 -1.04544 -0.23344 -0.25686 -0.06024 
1 -1.19584 -1.83834 -0.3765 -0.1831 
2 -1.22475 -1.87616 -0.4204 -0.0304395 
3 -1.28261 -2.27076 -0.51499 0.24496 
4 -0.88139 -2.275 -0.71136 0.33436 
5 0.637 0.01726 -0.0784 
deltaT: 13.188
Glove: 
0 -0.9504 -0.26262 -0.41383 -0.04016 
1 -1.34128 -1.86752 -0.19578 -0.189852 
2 -1.32825 -1.87616 -0.44142 -0.0282125 
3 -1.4056 -2.27076 -0.53601 0.247188 
4 -1.06432 -2.2932 -0.73112 0.324668 
5 0.637 0.02589 -0.09016 
deltaT: 13.297
Glove: 
0 -0.9504 -0.27721 -0.55653 -0.03012 
1 -1.40592 -1.94047 -0.05271 -0.211629 
2 -1.39725 -1.87616 -0.46244 -0.0230491 
3 -1.51102 -2.25288 -0.66213 0.258471 
4 -1.19736 -2.275 -0.7904 0.329991 
5 0.637 0.02589 -0.10976 
deltaT: 13.406
Glove: 
0 -0.96624 -0.27721 -0.59934 -0.0251 
1 -1.42208 -1.96965 -0.01506 -0.230029 
2 -1.43175 -1.87616 -0.50448 -0.0189993 
3 -1.56373 -2.25288 -0.74621 0.268641 
4 -1.24725 -2.2568 -0.82004 0.340161 
5 0.637 0.02589 -0.11368 
deltaT: 13.5
Glove: 
0 -0.99792 -0.27721 -0.5708 -0.03012 
1 -1.40592 -1.95506 -0.06024 -0.226653 
2 -1.43175 -1.87616 -0.5255 -0.0201128 
3 -1.56373 -2.25288 -0.70417 0.267527 
4 -1.23062 -2.2568 -0.81016 0.339047 
5 0.637 0.02589 -0.10976 
deltaT: 13.609
Glove: 
0 -1.07712 -0.23344 -0.35675 -0.08032 
1 -1.24432 -1.88211 -0.33132 -0.2015 
2 -1.29375 -1.87616 -0.53601 -0.0263897 
3 -1.38803 -2.235 -0.59907 0.25513 
4 -1.03106 -2.2204 -0.71136 0.33261 
5 0.637 0.01726 -0.08232 
deltaT: 13.703
Glove: 
0 -0.99792 -0.20426 -0.21405 -0.1255 
1 -0.92112 -1.64867 -0.18825 -0.206053 
2 -0.98325 -1.67772 -0.40989 -0.030943 
3 -0.91364 -1.9668 -0.49397 0.268937 
4 -0.4989 -2.0202 -0.47424 0.370257 
5 0.637 0.00863 -0.04704 
deltaT: 13.813
Glove: 
0 -0.83952 -0.1459 -0.1427 -0.14056 
1 -0.79184 -1.06507 0.05271 -0.226807 
2 -0.74175 -1.24476 -0.13663 -0.0382267 
3 -0.61495 -1.46616 -0.24173 0.304493 
4 -0.18293 -1.5834 -0.22724 0.435613 
5 0.637 -0.00863 -0.02352 
deltaT: 13.922
Glove: 
0 -0.72864 -0.01459 -0.08562 -0.14056 
1 -0.66256 -0.4377 0.08283 -0.248924 
2 -0.621 -0.41492 -0.05255 -0.0289143 
3 -0.43925 -0.6258 -0.11561 0.307686 
4 -0.06652 -0.91 -0.0988 0.474566 
5 0.637 -0.01726 -0.01568 
deltaT: 14.016
Glove: 
0 -0.69696 0.07295 -0.02854 -0.13554 
1 -0.45248 -0.17508 0.05271 -0.287242 
2 -0.3795 -0.03608 -0.09459 -0.0223324 
3 -0.24598 -0.25032 -0.15765 0.332628 
4 0.04989 -0.4914 -0.01976 0.517388 
5 0.637 -0.02589 -0.01176 
deltaT: 14.125
Glove: 
0 -0.66528 0.10213 0.02854 -0.13554 
1 -0.30704 -0.10213 0.03765 -0.306819 
2 -0.22425 0.07216 -0.09459 -0.0239494 
3 -0.12299 -0.12516 -0.17867 0.355491 
4 0.09978 -0.3458 0 0.546211 
5 0.637 -0.02589 -0.01568 
deltaT: 14.219
Glove: 
0 -0.68112 0.10213 0.02854 -0.13554 
1 -0.29088 -0.13131 0.04518 -0.308337 
2 -0.207 0.03608 -0.09459 -0.0254671 
3 -0.10542 -0.14304 -0.16816 0.360093 
4 0.09978 -0.3276 0 0.556773 
5 0.637 -0.02589 -0.01568 
deltaT: 14.328
Glove: 
0 -0.72864 0.08754 0.01427 -0.1255 
1 -0.35552 -0.45229 0.06777 -0.303784 
2 -0.29325 -0.3608 -0.01051 -0.0209138 
3 -0.1757 -0.48276 -0.06306 0.346286 
4 0.01663 -0.6188 -0.00988 0.554886 
5 0.637 -0.02589 -0.01568 
deltaT: 14.422
Glove: 
0 -0.792 0.02918 -0.02854 -0.1255 
1 -0.50096 -0.91917 0.04518 -0.26463 
2 -0.483 -0.82984 -0.02102 -0.0176799 
3 -0.31626 -1.00128 -0.07357 0.30056 
4 -0.09978 -1.1102 -0.07904 0.49128 
5 0.637 -0.01726 -0.0196 
deltaT: 14.531
Glove: 
0 -0.792 0 -0.05708 -0.12048 
1 -0.54944 -1.10884 0 -0.253324 
2 -0.5865 -0.97416 -0.07357 -0.0153537 
3 -0.42168 -1.18008 -0.11561 0.284526 
4 -0.1663 -1.3468 -0.12844 0.463326 
5 0.637 -0.01726 -0.02352 
deltaT: 14.625
Glove: 
0 -0.91872 -0.07295 -0.18551 -0.10542 
1 -0.82416 -1.56113 -0.25602 -0.216864 
2 -0.9315 -1.51536 -0.28377 -0.0193043 
3 -0.84336 -1.77012 -0.33632 0.256096 
4 -0.4989 -1.8928 -0.47424 0.393176 
5 0.637 0 -0.0392 
deltaT: 14.734
Glove: 
0 -0.99792 -0.17508 -0.22832 -0.09036 
1 -0.93728 -1.7508 -0.38403 -0.210111 
2 -1.035 -1.76792 -0.37836 -0.0215314 
3 -1.01906 -2.09196 -0.43091 0.253869 
4 -0.6652 -2.1658 -0.6916 0.373069 
5 0.637 0.00863 -0.05488 
deltaT: 14.844
Glove: 
0 -1.01376 -0.21885 -0.27113 -0.0753 
1 -1.1312 -1.83834 -0.42921 -0.203358 
2 -1.2075 -1.87616 -0.40989 -0.0237584 
3 -1.26504 -2.235 -0.48346 0.251642 
4 -0.91465 -2.2932 -0.80028 0.347002 
5 0.637 0.01726 -0.07056 
deltaT: 14.938
Glove: 
0 -0.9504 -0.24803 -0.38529 -0.0502 
1 -1.2928 -1.86752 -0.31626 -0.203358 
2 -1.3455 -1.87616 -0.44142 -0.0237584 
3 -1.44074 -2.25288 -0.51499 0.251642 
4 -1.09758 -2.3114 -0.8398 0.335082 
5 0.637 0.01726 -0.09016 
deltaT: 15.047
Glove: 
0 -0.90288 -0.26262 -0.55653 -0.03514 
1 -1.42208 -1.92588 -0.09036 -0.2199 
2 -1.449 -1.87616 -0.45193 -0.0223398 
3 -1.56373 -2.235 -0.59907 0.2653 
4 -1.26388 -2.2932 -0.8892 0.34278 
5 0.637 0.01726 -0.10584 
deltaT: 15.141
Glove: 
0 -0.91872 -0.26262 -0.61361 -0.03012 
1 -1.4544 -1.99883 0.03012 -0.234924 
2 -1.4835 -1.87616 -0.48346 -0.0194035 
3 -1.61644 -2.235 -0.71468 0.274356 
4 -1.31377 -2.275 -0.9386 0.345876 
5 0.637 0.01726 -0.10976 
deltaT: 15.25
Glove: 
0 -0.93456 -0.26262 -0.59934 -0.03012 
1 -1.42208 -1.96965 -0.01506 -0.234924 
2 -1.46625 -1.85812 -0.50448 -0.0194035 
3 -1.59887 -2.235 -0.68315 0.274356 
4 -1.31377 -2.275 -0.92872 0.351836 
5 0.637 0.01726 -0.10584 
deltaT: 15.344
Glove: 
0 -1.07712 -0.23344 -0.39956 -0.08534 
1 -1.212 -1.86752 -0.31626 -0.213147 
2 -1.311 -1.84008 -0.51499 -0.0245669 
3 -1.38803 -2.18136 -0.56754 0.263073 
4 -1.06432 -2.2204 -0.7904 0.346513 
5 0.637 0.00863 -0.08232 
deltaT: 15.453
Glove: 
0 -0.93456 -0.18967 -0.19978 -0.14056 
1 -0.85648 -1.51736 -0.12048 -0.211288 
2 -0.9315 -1.49732 -0.28377 -0.0271982 
3 -0.80822 -1.77012 -0.39938 0.266562 
4 -0.38249 -1.9292 -0.42484 0.367882 
5 0.637 0 -0.03136 
deltaT: 15.563
Glove: 
0 -0.80784 -0.13131 -0.11416 -0.1506 
1 -0.71104 -0.74409 0.06777 -0.224112 
2 -0.67275 -0.70356 -0.06306 -0.0310422 
3 -0.5271 -1.00128 -0.12612 0.287198 
4 -0.09978 -1.3286 -0.18772 0.394478 
5 0.637 -0.01726 -0.0196 
deltaT: 15.656
Glove: 
0 -0.74448 0.01459 0 -0.14056 
1 -0.43632 -0.23344 0.04518 -0.275595 
2 -0.3795 -0.10824 -0.07357 -0.0241552 
3 -0.26355 -0.3576 -0.13663 0.324685 
4 0.04989 -0.7098 -0.0494 0.455805 
5 0.637 -0.02589 -0.01568 
deltaT: 15.766
Glove: 
0 -0.72864 0.11672 0.07135 -0.13554 
1 -0.2424 -0.10213 0.03012 -0.308678 
2 -0.207 0.01804 -0.09459 -0.0213181 
3 -0.14056 -0.1788 -0.15765 0.352002 
4 0.11641 -0.455 -0.00988 0.495042 
5 0.637 -0.02589 -0.01568 
deltaT: 15.859
Glove: 
0 -0.72864 0.17508 0.11416 -0.12048 
1 -0.19392 -0.07295 0.02259 -0.333149 
2 -0.138 0.05412 -0.09459 -0.0233393 
3 -0.08785 -0.10728 -0.16816 0.380581 
4 0.13304 -0.3276 0.00988 0.553421 
5 0.637 -0.03452 -0.01568 
deltaT: 15.969
Glove: 
0 -0.76032 0.17508 0.1427 -0.11546 
1 -0.17776 -0.18967 0.04518 -0.34142 
2 -0.138 -0.01804 -0.07357 -0.02263 
3 -0.07028 -0.16092 -0.14714 0.38741 
4 0.11641 -0.3458 0.01976 0.59005 
5 0.637 -0.03452 -0.01568 
deltaT: 16.063
Glove: 
0 -0.82368 0.11672 0.05708 -0.11044 
1 -0.29088 -0.74409 0.05271 -0.340584 
2 -0.2415 -0.6314 -0.01051 -0.0128142 
3 -0.12299 -0.76884 -0.05255 0.366626 
4 0 -0.8918 -0.03952 0.593106 
5 0.637 -0.02589 -0.0196 
deltaT: 16.172
Glove: 
0 -0.9504 -0.04377 -0.08562 -0.11044 
1 -0.54944 -1.24015 -0.0753 -0.29096 
2 -0.53475 -1.24476 -0.15765 -0.0170698 
3 -0.42168 -1.41252 -0.18918 0.32565 
4 -0.18293 -1.547 -0.1976 0.52829 
5 0.637 -0.01726 -0.02744 
deltaT: 16.266
Glove: 
0 -1.09296 -0.10213 -0.17124 -0.1004 
1 -0.79184 -1.66326 -0.3012 -0.235759 
2 -0.8625 -1.65968 -0.36785 -0.0292194 
3 -0.80822 -1.89528 -0.38887 0.295141 
4 -0.39912 -1.9474 -0.51376 0.456061 
5 0.637 -0.00863 -0.0392 
deltaT: 16.375
Glove: 
0 -1.14048 -0.1459 -0.22832 -0.06526 
1 -1.0504 -1.83834 -0.39909 -0.209088 
2 -1.08675 -1.85812 -0.46244 -0.0339785 
3 -1.14205 -2.19924 -0.49397 0.278142 
4 -0.74835 -2.2022 -0.76076 0.391382 
5 0.637 0.00863 -0.06272 
deltaT: 16.484
Glove: 
0 -0.99792 -0.23344 -0.35675 -0.0502 
1 -1.2928 -1.85293 -0.3012 -0.204194 
2 -1.311 -1.87616 -0.48346 -0.0335742 
3 -1.44074 -2.25288 -0.5255 0.272426 
4 -1.08095 -2.2568 -0.82992 0.355866 
5 0.637 0.00863 -0.08232 
deltaT: 16.578
Glove: 
0 -0.9504 -0.24803 -0.51372 -0.04016 
1 -1.38976 -1.8967 -0.12048 -0.225971 
2 -1.39725 -1.87616 -0.51499 -0.0284109 
3 -1.54616 -2.25288 -0.62009 0.283709 
4 -1.23062 -2.2568 -0.86944 0.361189 
5 0.637 0.00863 -0.09016 
deltaT: 16.688
Glove: 
0 -0.98208 -0.24803 -0.59934 -0.03012 
1 -1.42208 -1.95506 -0.04518 -0.244371 
2 -1.43175 -1.87616 -0.5255 -0.024361 
3 -1.56373 -2.25288 -0.70417 0.293879 
4 -1.26388 -2.2568 -0.89908 0.365399 
5 0.637 0.00863 -0.09408 
deltaT: 16.797
Glove: 
0 -0.99792 -0.24803 -0.59934 -0.03012 
1 -1.40592 -1.96965 -0.06024 -0.249265 
2 -1.43175 -1.87616 -0.53601 -0.0247653 
3 -1.56373 -2.25288 -0.69366 0.299595 
4 -1.28051 -2.2568 -0.90896 0.377075 
5 0.637 0.00863 -0.09408 
deltaT: 16.891
Glove: 
0 -1.09296 -0.18967 -0.37102 -0.0753 
1 -1.26048 -1.86752 -0.33885 -0.222594 
2 -1.3455 -1.8942 -0.5255 -0.0295244 
3 -1.44074 -2.235 -0.56754 0.282596 
4 -1.14747 -2.2204 -0.82004 0.366036 
5 0.637 0.00863 -0.07448 
deltaT: 17
Glove: 
0 -0.93456 -0.11672 -0.15697 -0.13052 
1 -0.82416 -1.51736 -0.13554 -0.228665 
2 -0.87975 -1.60556 -0.34683 -0.0355954 
3 -0.79065 -1.85952 -0.45193 0.301005 
4 -0.39912 -1.9292 -0.45448 0.432125 
5 0.637 -0.00863 -0.02352 
deltaT: 17.094
Glove: 
0 -0.85536 -0.07295 -0.11416 -0.13554 
1 -0.75952 -1.1672 0.02259 -0.247901 
2 -0.7245 -1.353 -0.18918 -0.0413614 
3 -0.61495 -1.59132 -0.30479 0.331959 
4 -0.19956 -1.6926 -0.2964 0.474999 
5 0.637 -0.02589 -0.01568 
deltaT: 17.203
Glove: 
0 -0.77616 0.26262 0.04281 -0.1255 
1 -0.25856 -0.04377 0.02259 -0.430693 
2 -0.22425 -0.07216 -0.08408 -0.0355731 
3 -0.15813 -0.2682 -0.13663 0.502987 
4 0.08315 -0.273 0.01976 0.789067 
5 0.637 -0.06041 0 
deltaT: 17.297
Glove: 
0 -0.77616 0.27721 0.08562 -0.13052 
1 -0.1616 0.02918 0.00753 -0.455505 
2 -0.08625 0.03608 -0.09459 -0.0334453 
3 -0.07028 -0.12516 -0.15765 0.523475 
4 0.09978 -0.0546 0 0.851275 
5 0.637 -0.06904 0.00392 
deltaT: 17.406
Glove: 
0 -0.80784 0.27721 0.08562 -0.12048 
1 -0.19392 -0.08754 0.03012 -0.454328 
2 -0.1035 -0.05412 -0.08408 -0.0277785 
3 -0.07028 -0.14304 -0.13663 0.510782 
4 0.08315 -0.091 0.01976 0.838582 
5 0.637 -0.06904 0.00392 
deltaT: 17.5
Glove: 
0 -0.85536 0.20426 0.07135 -0.11044 
1 -0.33936 -0.48147 0.06024 -0.430539 
2 -0.2415 -0.451 -0.02102 -0.0174592 
3 -0.14056 -0.50064 -0.06306 0.466021 
4 -0.01663 -0.4732 0.02964 0.799781 
5 0.637 -0.06904 0 
deltaT: 17.609
Glove: 
0 -0.90288 0.08754 -0.01427 -0.11546 
1 -0.50096 -1.05048 -0.03765 -0.351055 
2 -0.53475 -1.06436 -0.07357 -0.00532456 
3 -0.40411 -1.21584 -0.12612 0.361875 
4 -0.23282 -1.3104 -0.11856 0.647955 
5 0.637 -0.05178 -0.00392 
deltaT: 17.719
Glove: 
0 -0.96624 -0.01459 -0.08562 -0.1255 
1 -0.74336 -1.42982 -0.21837 -0.269524 
2 -0.828 -1.51536 -0.26275 -0.0180842 
3 -0.66766 -1.73436 -0.30479 0.306276 
4 -0.39912 -1.8564 -0.43472 0.514876 
5 0.637 -0.03452 -0.01568 
deltaT: 17.813
Glove: 
0 -0.98208 -0.16049 -0.21405 -0.11044 
1 -0.93728 -1.73621 -0.40662 -0.235759 
2 -1.0005 -1.87616 -0.4204 -0.0292194 
3 -0.89607 -2.12772 -0.47295 0.295141 
4 -0.58205 -2.2386 -0.81016 0.462021 
5 0.637 -0.01726 -0.03136 
deltaT: 17.922
Glove: 
0 -0.9504 -0.23344 -0.35675 -0.09036 
1 -1.22816 -1.82375 -0.42168 -0.210947 
2 -1.25925 -1.93028 -0.46244 -0.0313472 
3 -1.26504 -2.235 -0.56754 0.274653 
4 -0.94791 -2.3842 -0.94848 0.393853 
5 0.637 -0.00863 -0.05488 
deltaT: 18.016
Glove: 
0 -0.88704 -0.24803 -0.52799 -0.06526 
1 -1.34128 -1.85293 -0.30873 -0.2177 
2 -1.36275 -1.93028 -0.48346 -0.0291202 
3 -1.44074 -2.235 -0.59907 0.27688 
4 -1.18073 -2.3842 -0.988 0.3782 
5 0.637 -0.00863 -0.07056 
deltaT: 18.125
Glove: 
0 -0.9504 -0.23344 -0.59934 -0.0502 
1 -1.38976 -1.91129 -0.26355 -0.239477 
2 -1.449 -1.93028 -0.5255 -0.0239568 
3 -1.52859 -2.21712 -0.69366 0.288163 
4 -1.28051 -2.3478 -1.04728 0.383523 
5 0.637 -0.00863 -0.08624 
deltaT: 18.219
Glove: 
0 -0.9504 -0.23344 -0.62788 -0.04518 
1 -1.40592 -1.92588 -0.25602 -0.249606 
2 -1.46625 -1.93028 -0.54652 -0.0206162 
3 -1.54616 -2.21712 -0.7357 0.291504 
4 -1.29714 -2.3296 -1.06704 0.386864 
5 0.637 -0.00863 -0.08624 
deltaT: 18.328
Glove: 
0 -0.9504 -0.23344 -0.58507 -0.0502 
1 -1.38976 -1.8967 -0.29367 -0.240995 
2 -1.449 -1.93028 -0.54652 -0.0254746 
3 -1.51102 -2.21712 -0.68315 0.292765 
4 -1.28051 -2.3296 -1.04728 0.394085 
5 0.637 -0.00863 -0.0784 
deltaT: 18.438
Glove: 
0 -1.0296 -0.13131 -0.32821 -0.11044 
1 -1.14736 -1.7508 -0.36144 -0.219559 
2 -1.242 -1.87616 -0.48346 -0.0264889 
3 -1.24747 -2.12772 -0.59907 0.273391 
4 -0.96454 -2.2386 -0.84968 0.380671 
5 0.637 -0.00863 -0.04312 
deltaT: 18.531
Glove: 
0 -0.82368 -0.07295 -0.09989 -0.14056 
1 -0.84032 -1.09425 0.00753 -0.240313 
2 -0.81075 -1.31692 -0.16816 -0.0337726 
3 -0.63252 -1.53768 -0.28377 0.308947 
4 -0.28271 -1.82 -0.37544 0.451987 
5 0.637 -0.03452 -0.00784 
deltaT: 18.641
Glove: 
0 -0.7128 0.01459 -0.01427 -0.14558 
1 -0.71104 -0.48147 0.05271 -0.283184 
2 -0.6555 -0.59532 -0.05255 -0.031744 
3 -0.43925 -0.84036 -0.12612 0.347696 
4 -0.08315 -1.2376 -0.17784 0.532456 
5 0.637 -0.05178 0.00392 
deltaT: 18.75
Glove: 
0 -0.64944 0.10213 0.07135 -0.14558 
1 -0.4848 -0.20426 0.03765 -0.332808 
2 -0.39675 -0.19844 -0.06306 -0.0274883 
3 -0.24598 -0.3576 -0.13663 0.388672 
4 0.04989 -0.4914 -0.00988 0.609192 
5 0.637 -0.06904 0.00784 
deltaT: 18.844
Glove: 
0 -0.66528 0.16049 0.11416 -0.1506 
1 -0.33936 -0.10213 0.02259 -0.387327 
2 -0.22425 -0.01804 -0.09459 -0.0236369 
3 -0.14056 -0.14304 -0.16816 0.435363 
4 0.11641 -0.2184 0.00988 0.679723 
5 0.637 -0.07767 0.00784 
deltaT: 18.953
Glove: 
0 -0.69696 0.18967 0.1427 -0.14558 
1 -0.3232 -0.04377 0.01506 -0.42041 
2 -0.15525 0.01804 -0.09459 -0.0207998 
3 -0.10542 -0.10728 -0.16816 0.46268 
4 0.13304 -0.1456 0.00988 0.713 
5 0.637 -0.07767 0.00784 
deltaT: 19.047
Glove: 
0 -0.72864 0.18967 0.1427 -0.14056 
1 -0.30704 -0.04377 0.01506 -0.417033 
2 -0.15525 0.01804 -0.09459 -0.0219133 
3 -0.10542 -0.10728 -0.16816 0.461567 
4 0.13304 -0.1456 0.00988 0.717847 
5 0.637 -0.07767 0.00784 
deltaT: 19.156
Glove: 
0 -0.76032 0.18967 0.12843 -0.13554 
1 -0.3232 -0.16049 0.03765 -0.413998 
2 -0.207 -0.12628 -0.06306 -0.0188778 
3 -0.12299 -0.16092 -0.12612 0.452362 
4 0.08315 -0.273 0.01976 0.708642 
5 0.637 -0.07767 0.00784 
deltaT: 19.25
Glove: 
0 -0.80784 0.1459 0.09989 -0.13052 
1 -0.4848 -0.61278 0.04518 -0.377044 
2 -0.39675 -0.61336 -0.01051 -0.00886352 
3 -0.26355 -0.66156 -0.05255 0.395056 
4 -0.03326 -0.728 -0.02964 0.639416 
5 0.637 -0.07767 0.00784 
deltaT: 19.359
Glove: 
0 -0.91872 0.10213 0.05708 -0.13052 
1 -0.77568 -1.13802 -0.10542 -0.310042 
2 -0.759 -1.15456 -0.11561 -0.00472192 
3 -0.56224 -1.19796 -0.13663 0.319638 
4 -0.24945 -1.2376 -0.11856 0.504398 
5 0.637 -0.06041 0.00392 
deltaT: 19.469
Glove: 
0 -0.96624 -0.02918 -0.04281 -0.13052 
1 -0.95344 -1.47359 -0.33885 -0.241336 
2 -0.966 -1.55144 -0.3153 -0.0213255 
3 -0.79065 -1.71648 -0.37836 0.284674 
4 -0.51553 -1.6562 -0.35568 0.439634 
5 0.637 -0.05178 -0.00392 
deltaT: 19.563
Glove: 
0 -0.99792 -0.1459 -0.17124 -0.1255 
1 -1.09888 -1.69244 -0.48192 -0.216182 
2 -1.1385 -1.82204 -0.4204 -0.0276024 
3 -1.03663 -2.07408 -0.54652 0.272278 
4 -0.73172 -2.0202 -0.6916 0.403398 
5 0.637 -0.04315 -0.01568 
deltaT: 19.672
Glove: 
0 -0.96624 -0.21885 -0.22832 -0.11044 
1 -1.24432 -1.7508 -0.48945 -0.206053 
2 -1.25925 -1.8942 -0.46244 -0.030943 
3 -1.17719 -2.19924 -0.58856 0.268937 
4 -0.86476 -2.1476 -0.7904 0.394097 
5 0.637 -0.03452 -0.02352 
deltaT: 19.766
Glove: 
0 -0.85536 -0.26262 -0.61361 -0.06526 
1 -1.47056 -1.80916 -0.21837 -0.213147 
2 -1.4835 -1.93028 -0.53601 -0.0245669 
3 -1.47588 -2.235 -0.67264 0.263073 
4 -1.21399 -2.2204 -0.90896 0.364393 
5 0.637 -0.03452 -0.05488 
deltaT: 19.875
Glove: 
0 -0.85536 -0.26262 -0.67069 -0.05522 
1 -1.50288 -1.85293 -0.17319 -0.224794 
2 -1.50075 -1.93028 -0.56754 -0.0227441 
3 -1.54616 -2.21712 -0.75672 0.271016 
4 -1.26388 -2.2204 -0.94848 0.366376 
5 0.637 -0.03452 -0.0588 
deltaT: 19.969
Glove: 
0 -0.85536 -0.26262 -0.61361 -0.06526 
1 -1.47056 -1.82375 -0.2259 -0.221418 
2 -1.50075 -1.93028 -0.55703 -0.0238576 
3 -1.51102 -2.21712 -0.71468 0.269902 
4 -1.23062 -2.2204 -0.92872 0.371222 
5 0.637 -0.03452 -0.05096 
deltaT: 20.078
Glove: 
0 -0.93456 -0.21885 -0.34248 -0.12048 
1 -1.22816 -1.7508 -0.39909 -0.206394 
2 -1.29375 -1.87616 -0.49397 -0.0267939 
3 -1.24747 -2.1456 -0.65162 0.260846 
4 -0.93128 -2.1476 -0.76076 0.368126 
5 0.637 -0.03452 -0.02352 
deltaT: 20.188
Glove: 
0 -0.792 -0.13131 -0.1427 -0.14558 
1 -0.93728 -1.37146 -0.15813 -0.220736 
2 -0.94875 -1.51536 -0.27326 -0.0321557 
3 -0.75551 -1.77012 -0.45193 0.286084 
4 -0.38249 -1.8382 -0.38532 0.447004 
5 0.637 -0.05178 -0.00392 
deltaT: 20.281
Glove: 
0 -0.68112 -0.07295 -0.08562 -0.14558 
1 -0.77568 -0.77327 0.02259 -0.253478 
2 -0.67275 -0.93808 -0.07357 -0.0334676 
3 -0.47439 -1.26948 -0.19969 0.321492 
4 -0.11641 -1.547 -0.25688 0.512212 
5 0.637 -0.06041 0.00392 
deltaT: 20.391
Glove: 
0 -0.64944 0.01459 0.01427 -0.14558 
1 -0.58176 -0.2918 0.02259 -0.291455 
2 -0.483 -0.25256 -0.06306 -0.0310347 
3 -0.29869 -0.42912 -0.12612 0.354525 
4 -0.01663 -0.6188 -0.01976 0.592925 
5 0.637 -0.06904 0.00784 
deltaT: 20.484
Glove: 
0 -0.66528 0.11672 0.11416 -0.14056 
1 -0.21008 -0.08754 -0.00753 -0.353903 
2 -0.15525 0.03608 -0.09459 -0.030623 
3 -0.10542 -0.10728 -0.17867 0.416137 
4 0.09978 -0.2548 0.02964 0.666457 
5 0.637 -0.07767 0.00784 
deltaT: 20.594
Glove: 
0 -0.68112 0.13131 0.1427 -0.14056 
1 -0.12928 -0.07295 -0.01506 -0.355421 
2 -0.069 0.05412 -0.09459 -0.0321408 
3 -0.03514 -0.0894 -0.17867 0.420739 
4 0.11641 -0.2184 0.03952 0.682979 
5 0.637 -0.07767 0.00392 
deltaT: 20.703
Glove: 
0 -0.7128 0.11672 0.12843 -0.13052 
1 -0.21008 -0.27721 0.02259 -0.344456 
2 -0.138 -0.16236 -0.04204 -0.0256655 
3 -0.05271 -0.23244 -0.12612 0.396614 
4 0.04989 -0.364 0.03952 0.670774 
5 0.637 -0.07767 0.00392 
deltaT: 20.797
Glove: 
0 -0.74448 0.10213 0.07135 -0.13052 
1 -0.42016 -0.70032 0.03012 -0.292137 
2 -0.36225 -0.66748 -0.01051 -0.0227366 
3 -0.22841 -0.8046 -0.05255 0.338343 
4 -0.08315 -0.8736 -0.03952 0.576743 
5 0.637 -0.06904 0.00392 
deltaT: 20.906
Glove: 
0 -0.792 0 -0.02854 -0.13554 
1 -0.6464 -1.12343 -0.06024 -0.22563 
2 -0.60375 -1.13652 -0.1051 -0.0325599 
3 -0.47439 -1.35888 -0.16816 0.2918 
4 -0.23282 -1.4924 -0.17784 0.47656 
5 0.637 -0.05178 -0.00784 
deltaT: 21
Glove: 
0 -0.82368 -0.04377 -0.07135 -0.14056 
1 -0.74336 -1.38605 -0.18825 -0.205712 
2 -0.759 -1.40712 -0.19969 -0.035092 
3 -0.63252 -1.71648 -0.30479 0.277028 
4 -0.3326 -1.82 -0.37544 0.431988 
5 0.637 -0.03452 -0.01568 
deltaT: 21.109
Glove: 
0 -0.83952 -0.11672 -0.18551 -0.13554 
1 -1.01808 -1.76539 -0.41415 -0.175665 
2 -1.05225 -1.78596 -0.44142 -0.0409646 
3 -1.03663 -2.19924 -0.5255 0.258915 
4 -0.6652 -2.3114 -0.80028 0.354275 
5 0.637 -0.01726 -0.0392 
deltaT: 21.203
Glove: 
0 -0.76032 -0.1459 -0.27113 -0.11546 
1 -1.24432 -1.82375 -0.43674 -0.174147 
2 -1.2765 -1.84008 -0.46244 -0.0394469 
3 -1.33532 -2.27076 -0.53601 0.254313 
4 -1.03106 -2.366 -0.84968 0.331793 
5 0.637 -0.00863 -0.06272 
deltaT: 21.313
Glove: 
0 -0.72864 -0.16049 -0.54226 -0.08032 
1 -1.42208 -1.86752 -0.14307 -0.187653 
2 -1.43175 -1.85812 -0.49397 -0.0349928 
3 -1.5813 -2.27076 -0.67264 0.258767 
4 -1.29714 -2.3478 -0.90896 0.318367 
5 0.637 -0.00863 -0.09408 
deltaT: 21.422
Glove: 
0 -0.77616 -0.16049 -0.67069 -0.05522 
1 -1.50288 -1.8967 0.00753 -0.209429 
2 -1.518 -1.85812 -0.54652 -0.0298294 
3 -1.66915 -2.235 -0.89335 0.270051 
4 -1.38029 -2.2932 -0.988 0.317731 
5 0.637 -0.00863 -0.10192 
deltaT: 21.516
Glove: 
0 -0.77616 -0.16049 -0.67069 -0.05522 
1 -1.48672 -1.91129 -0.00753 -0.212806 
2 -1.53525 -1.87616 -0.54652 -0.0287159 
3 -1.65158 -2.235 -0.8408 0.271164 
4 -1.38029 -2.2932 -0.988 0.330764 
5 0.637 -0.00863 -0.09408 
deltaT: 21.625
Glove: 
0 -0.85536 -0.1459 -0.45664 -0.1004 
1 -1.35744 -1.88211 -0.30873 -0.19137 
2 -1.4145 -1.87616 -0.56754 -0.0297302 
3 -1.49345 -2.235 -0.67264 0.25179 
4 -1.21399 -2.2932 -0.87932 0.32331 
5 0.637 -0.00863 -0.06664 
deltaT: 21.719
Glove: 
0 -0.85536 -0.07295 -0.24259 -0.1506 
1 -1.06656 -1.69244 -0.27861 -0.187994 
2 -1.15575 -1.73184 -0.46244 -0.0308438 
3 -1.14205 -2.02044 -0.55703 0.250676 
4 -0.79824 -2.1112 -0.65208 0.334116 
5 0.637 -0.01726 -0.03136 
deltaT: 21.828
Glove: 
0 -0.77616 -0.04377 -0.17124 -0.17068 
1 -0.87264 -1.29851 -0.06777 -0.198959 
2 -0.87975 -1.37104 -0.22071 -0.037319 
3 -0.73794 -1.57344 -0.33632 0.274801 
4 -0.36586 -1.7472 -0.33592 0.394001 
5 0.637 -0.03452 -0.01568 
deltaT: 21.922
Glove: 
0 -0.69696 -0.01459 -0.09989 -0.1757 
1 -0.7272 -0.5836 0.05271 -0.231701 
2 -0.70725 -0.59532 -0.07357 -0.038631 
3 -0.49196 -0.78672 -0.12612 0.310209 
4 -0.13304 -1.0738 -0.13832 0.477089 
5 0.637 -0.04315 -0.00784 
deltaT: 22.031
Glove: 
0 -0.68112 0.08754 0.01427 -0.1757 
1 -0.404 -0.21885 0.03012 -0.276431 
2 -0.36225 -0.12628 -0.08408 -0.033971 
3 -0.19327 -0.33972 -0.13663 0.345469 
4 0.01663 -0.546 -0.00988 0.548109 
5 0.637 -0.06041 -0.00392 
deltaT: 22.125
Glove: 
0 -0.68112 0.13131 0.07135 -0.1757 
1 -0.25856 -0.17508 0.02259 -0.291114 
2 -0.2415 -0.05412 -0.08408 -0.0351838 
3 -0.14056 -0.21456 -0.15765 0.362616 
4 0.04989 -0.4004 0.02964 0.577176 
5 0.637 -0.06904 -0.01176 
deltaT: 22.234
Glove: 
0 -0.69696 0.1459 0.07135 -0.1757 
1 -0.25856 -0.17508 0.02259 -0.289255 
2 -0.25875 -0.0902 -0.07357 -0.037815 
3 -0.1757 -0.25032 -0.13663 0.366105 
4 0.03326 -0.4004 0.02964 0.580665 
5 0.637 -0.06904 -0.01176 
deltaT: 22.344
Glove: 
0 -0.76032 0.1459 0.02854 -0.18072 
1 -0.5656 -0.33557 0.05271 -0.203853 
2 -0.5865 -0.43296 -0.02102 -0.0377233 
3 -0.36897 -0.6258 -0.07357 0.280517 
4 -0.09978 -0.637 -0.00988 0.459317 
5 0.637 -0.06904 -0.0196 
deltaT: 22.438
Glove: 
0 -0.83952 0.02918 -0.01427 -0.18072 
1 -0.66256 -0.53983 0.06024 -0.195924 
2 -0.69 -0.75768 -0.01051 -0.0342835 
3 -0.49196 -0.91188 -0.07357 0.265596 
4 -0.13304 -0.8554 -0.0494 0.402676 
5 0.637 -0.06041 -0.03136 
deltaT: 22.547
Glove: 
0 -0.83952 0.02918 -0.02854 -0.18574 
1 -0.67872 -0.59819 0.06024 -0.194406 
2 -0.70725 -0.82984 -0.02102 -0.0327658 
3 -0.5271 -0.96552 -0.08408 0.260994 
4 -0.14967 -0.8918 -0.05928 0.386154 
5 0.637 -0.06041 -0.03528 
deltaT: 22.656
Glove: 
0 -0.83952 0.02918 -0.02854 -0.18574 
1 -0.7272 -0.59819 0.06024 -0.189512 
2 -0.7245 -0.82984 -0.02102 -0.0323615 
3 -0.5271 -0.96552 -0.08408 0.255278 
4 -0.14967 -0.8918 -0.05928 0.380438 
5 0.637 -0.06041 -0.03528 
deltaT: 22.75
Glove: 
0 -0.85536 0.04377 -0.02854 -0.18574 
1 -0.69488 -0.61278 0.06024 -0.196264 
2 -0.70725 -0.8118 -0.02102 -0.0301345 
3 -0.50953 -0.96552 -0.08408 0.257506 
4 -0.14967 -0.8918 -0.05928 0.382666 
5 0.637 -0.06041 -0.03528 
deltaT: 22.859
Glove: 
0 -0.91872 0.05836 -0.02854 -0.18072 
1 -0.5656 -0.81704 0.03765 -0.209429 
2 -0.5175 -1.01024 -0.07357 -0.0298294 
3 -0.36897 -1.14432 -0.11561 0.270051 
4 -0.04989 -0.9464 -0.05928 0.395211 
5 0.637 -0.05178 -0.0392 
deltaT: 22.953
Glove: 
0 -0.99792 0.05836 -0.02854 -0.17068 
1 -0.53328 -1.12343 -0.02259 -0.210947 
2 -0.50025 -1.2628 -0.19969 -0.0313472 
3 -0.3514 -1.39464 -0.22071 0.274653 
4 -0.03326 -1.0738 -0.07904 0.387893 
5 0.637 -0.05178 -0.04704 
deltaT: 23.063
Glove: 
0 -1.1088 0.04377 -0.02854 -0.16064 
1 -0.63024 -1.25474 -0.0753 -0.188335 
2 -0.6555 -1.28084 -0.2102 -0.0266947 
3 -0.50953 -1.44828 -0.24173 0.242585 
4 -0.08315 -1.1466 -0.0988 0.337945 
5 0.637 -0.05178 -0.05488 
deltaT: 23.156
Glove: 
0 -1.15632 0.02918 -0.02854 -0.15562 
1 -0.808 -1.12343 -0.03012 -0.181923 
2 -0.759 -1.15456 -0.15765 -0.0247727 
3 -0.57981 -1.37676 -0.2102 0.232267 
4 -0.11641 -1.1284 -0.0988 0.321667 
5 0.637 -0.06041 -0.0588 
deltaT: 23.266
Glove: 
0 -1.20384 0.01459 0.01427 -0.16064 
1 -0.9696 -0.94835 0.10542 -0.154416 
2 -0.87975 -1.04632 -0.1051 -0.019716 
3 -0.68523 -1.39464 -0.18918 0.194484 
4 -0.18293 -1.1102 -0.0988 0.277924 
5 0.637 -0.06041 -0.0588 
deltaT: 23.359
Glove: 
0 -1.21968 0.01459 0.04281 -0.15562 
1 -1.06656 -0.77327 0.13554 -0.13518 
2 -1.01775 -0.86592 -0.13663 -0.01395 
3 -0.82579 -1.21584 -0.16816 0.16353 
4 -0.26608 -1.1284 -0.0988 0.21717 
5 0.637 -0.06041 -0.07056 
deltaT: 23.469
Glove: 
0 -1.31472 0.02918 0.08562 -0.14056 
1 -1.11504 -0.74409 0.12801 -0.120156 
2 -1.0695 -0.8118 -0.12612 -0.0168863 
3 -0.91364 -1.18008 -0.15765 0.154474 
4 -0.31597 -1.183 -0.0988 0.208114 
5 0.637 -0.05178 -0.07056 
deltaT: 23.578
Glove: 
0 -1.36224 0.01459 0.08562 -0.13052 
1 -1.14736 -0.81704 0.12048 -0.0983797 
2 -1.104 -0.902 -0.08408 -0.0220497 
3 -0.94878 -1.28736 -0.18918 0.14319 
4 -0.31597 -1.456 -0.15808 0.22663 
5 0.637 -0.04315 -0.07448 
deltaT: 23.672
Glove: 
0 -1.36224 0 0.05708 -0.13554 
1 -1.17968 -0.84622 0.11295 -0.076944 
2 -1.15575 -0.93808 -0.07357 -0.023064 
3 -1.00149 -1.35888 -0.23122 0.123816 
4 -0.34923 -1.5834 -0.23712 0.213216 
5 0.637 -0.04315 -0.09016 
deltaT: 23.781
Glove: 
0 -1.33056 -0.01459 0.02854 -0.13052 
1 -1.212 -0.84622 0.09036 -0.0720498 
2 -1.19025 -0.93808 -0.09459 -0.0226598 
3 -1.0542 -1.37676 -0.24173 0.1181 
4 -0.38249 -1.5834 -0.25688 0.21942 
5 0.637 -0.03452 -0.10192 
deltaT: 23.875
Glove: 
0 -1.29888 -0.01459 0 -0.1255 
1 -1.22816 -0.84622 0.0753 -0.0720498 
2 -1.22475 -0.93808 -0.09459 -0.0226598 
3 -1.08934 -1.37676 -0.24173 0.1181 
4 -0.39912 -1.5834 -0.25688 0.21942 
5 0.637 -0.03452 -0.10976 
deltaT: 23.984
Glove: 
0 -1.29888 0 -0.02854 -0.12048 
1 -1.24432 -0.84622 0.0753 -0.0720498 
2 -1.242 -0.95612 -0.09459 -0.0226598 
3 -1.10691 -1.37676 -0.24173 0.1181 
4 -0.43238 -1.5652 -0.25688 0.21942 
5 0.637 -0.02589 -0.11368 
deltaT: 24.078
Glove: 
0 -1.29888 0 -0.02854 -0.12048 
1 -1.24432 -0.84622 0.0753 -0.0754262 
2 -1.242 -0.95612 -0.09459 -0.0215462 
3 -1.10691 -1.37676 -0.24173 0.119214 
4 -0.43238 -1.547 -0.25688 0.214574 
5 0.637 -0.02589 -0.11368 
deltaT: 24.188
Glove: 
0 -1.29888 0 -0.02854 -0.12048 
1 -1.22816 -0.84622 0.0753 -0.0788027 
2 -1.22475 -0.95612 -0.09459 -0.0204327 
3 -1.10691 -1.37676 -0.24173 0.120327 
4 -0.43238 -1.5288 -0.247 0.209727 
5 0.637 -0.02589 -0.11368 
deltaT: 24.297
Glove: 
0 -1.29888 0 -0.02854 -0.1255 
1 -1.212 -0.84622 0.0753 -0.0788027 
2 -1.22475 -0.95612 -0.09459 -0.0204327 
3 -1.10691 -1.37676 -0.24173 0.120327 
4 -0.43238 -1.5288 -0.247 0.209727 
5 0.637 -0.02589 -0.11368 
deltaT: 24.391
Glove: 
0 -1.29888 0.01459 -0.02854 -0.1255 
1 -1.212 -0.84622 0.0753 -0.0821792 
2 -1.22475 -0.95612 -0.09459 -0.0193192 
3 -1.10691 -1.39464 -0.24173 0.121441 
4 -0.43238 -1.5288 -0.247 0.210841 
5 0.637 -0.02589 -0.11368 
deltaT: 24.5
Glove: 
0 -1.29888 0.01459 -0.02854 -0.1255 
1 -1.212 -0.84622 0.0753 -0.0821792 
2 -1.2075 -0.95612 -0.09459 -0.0193192 
3 -1.10691 -1.39464 -0.24173 0.121441 
4 -0.43238 -1.5288 -0.247 0.210841 
5 0.637 -0.02589 -0.11368 
deltaT: 24.594
Glove: 
0 -1.29888 0.01459 -0.02854 -0.1255 
1 -1.212 -0.84622 0.0753 -0.0821792 
2 -1.2075 -0.95612 -0.09459 -0.0193192 
3 -1.08934 -1.39464 -0.24173 0.121441 
4 -0.43238 -1.5288 -0.247 0.210841 
5 0.637 -0.02589 -0.11368 
deltaT: 24.703
Glove: 
0 -1.29888 0.01459 -0.02854 -0.1255 
1 -1.212 -0.84622 0.0753 -0.0821792 
2 -1.2075 -0.95612 -0.09459 -0.0193192 
3 -1.08934 -1.39464 -0.24173 0.121441 
4 -0.43238 -1.5288 -0.247 0.210841 
5 0.637 -0.02589 -0.11368 
deltaT: 24.797
Glove: 
0 -1.29888 0.01459 -0.02854 -0.1255 
1 -1.212 -0.84622 0.0753 -0.083697 
2 -1.2075 -0.97416 -0.09459 -0.020837 
3 -1.08934 -1.39464 -0.24173 0.126043 
4 -0.43238 -1.5288 -0.247 0.215443 
5 0.637 -0.02589 -0.11368 
deltaT: 24.906
Glove: 
0 -1.29888 0.01459 -0.02854 -0.1255 
1 -1.212 -0.84622 0.0753 -0.083697 
2 -1.2075 -0.97416 -0.09459 -0.020837 
3 -1.08934 -1.39464 -0.24173 0.126043 
4 -0.41575 -1.5288 -0.247 0.215443 
5 0.637 -0.02589 -0.11368 
deltaT: 25
Glove: 
0 -1.29888 0.01459 -0.02854 -0.1255 
1 -1.212 -0.84622 0.0753 -0.0870734 
2 -1.2075 -0.97416 -0.09459 -0.0197234 
3 -1.08934 -1.39464 -0.24173 0.127157 
4 -0.41575 -1.5288 -0.247 0.222517 
5 0.637 -0.02589 -0.10976 
deltaT: 25.109
Glove: 
0 -1.29888 0.01459 -0.02854 -0.1255 
1 -1.212 -0.84622 0.0753 -0.0870734 
2 -1.2075 -0.97416 -0.09459 -0.0197234 
3 -1.08934 -1.39464 -0.24173 0.127157 
4 -0.41575 -1.5288 -0.247 0.222517 
5 0.637 -0.02589 -0.10976 
deltaT: 25.219
Glove: 
0 -1.29888 0.01459 -0.02854 -0.1255 
1 -1.212 -0.84622 0.0753 -0.0870734 
2 -1.2075 -0.97416 -0.09459 -0.0197234 
3 -1.08934 -1.39464 -0.24173 0.127157 
4 -0.41575 -1.5288 -0.247 0.222517 
5 0.637 -0.02589 -0.10976 
deltaT: 25.313
Glove: 
0 -1.29888 0.01459 -0.02854 -0.1255 
1 -1.212 -0.84622 0.0753 -0.0870734 
2 -1.2075 -0.97416 -0.09459 -0.0197234 
3 -1.08934 -1.39464 -0.24173 0.127157 
4 -0.41575 -1.5288 -0.247 0.222517 
5 0.637 -0.02589 -0.10976 
deltaT: 25.422
Glove: 
0 -1.29888 0.01459 -0.02854 -0.1255 
1 -1.212 -0.84622 0.0753 -0.0885912 
2 -1.2075 -0.97416 -0.09459 -0.0212412 
3 -1.08934 -1.39464 -0.24173 0.131759 
4 -0.41575 -1.5288 -0.247 0.227119 
5 0.637 -0.02589 -0.10976 
deltaT: 25.531
Glove: 
0 -1.29888 0.01459 -0.02854 -0.1255 
1 -1.212 -0.84622 0.0753 -0.0919677 
2 -1.2075 -0.97416 -0.09459 -0.0201277 
3 -1.08934 -1.39464 -0.24173 0.132872 
4 -0.41575 -1.5288 -0.247 0.228232 
5 0.637 -0.02589 -0.10976 
deltaT: 25.625
Glove: 
0 -1.29888 0.01459 -0.02854 -0.1255 
1 -1.212 -0.84622 0.0753 -0.0919677 
2 -1.2075 -0.97416 -0.09459 -0.0201277 
3 -1.08934 -1.39464 -0.24173 0.132872 
4 -0.41575 -1.5288 -0.247 0.228232 
5 0.637 -0.02589 -0.10584 
deltaT: 25.734
Glove: 
0 -1.29888 0.01459 -0.02854 -0.1255 
1 -1.212 -0.84622 0.0753 -0.0919677 
2 -1.2075 -0.97416 -0.09459 -0.0201277 
3 -1.07177 -1.39464 -0.24173 0.132872 
4 -0.41575 -1.5288 -0.247 0.228232 
5 0.637 -0.02589 -0.10584 
deltaT: 25.828
Glove: 
0 -1.29888 0.01459 -0.02854 -0.1255 
1 -1.212 -0.84622 0.0753 -0.0919677 
2 -1.2075 -0.97416 -0.09459 -0.0201277 
3 -1.07177 -1.39464 -0.24173 0.132872 
4 -0.41575 -1.5288 -0.247 0.228232 
5 0.637 -0.02589 -0.10584 
deltaT: 25.938
Glove: 
0 -1.29888 0.01459 -0.02854 -0.1255 
1 -1.212 -0.84622 0.0753 -0.0919677 
2 -1.2075 -0.97416 -0.09459 -0.0201277 
3 -1.07177 -1.39464 -0.24173 0.132872 
4 -0.41575 -1.5288 -0.247 0.228232 
5 0.637 -0.02589 -0.10584 
deltaT: 26.031
Glove: 
0 -1.29888 0.01459 -0.02854 -0.1255 
1 -1.212 -0.84622 0.0753 -0.0919677 
2 -1.2075 -0.97416 -0.09459 -0.0201277 
3 -1.07177 -1.39464 -0.24173 0.132872 
4 -0.41575 -1.5288 -0.247 0.228232 
5 0.637 -0.02589 -0.10584 
deltaT: 26.141
Glove: 
0 -1.29888 0.01459 -0.02854 -0.1255 
1 -1.212 -0.84622 0.0753 -0.0919677 
2 -1.2075 -0.97416 -0.09459 -0.0201277 
3 -1.07177 -1.39464 -0.24173 0.132872 
4 -0.41575 -1.5288 -0.247 0.228232 
5 0.637 -0.02589 -0.10584 
deltaT: 26.234
Glove: 
0 -1.29888 0.01459 -0.02854 -0.1255 
1 -1.212 -0.83163 0.0753 -0.0919677 
2 -1.2075 -0.97416 -0.09459 -0.0201277 
3 -1.07177 -1.39464 -0.24173 0.132872 
4 -0.41575 -1.5288 -0.247 0.228232 
5 0.637 -0.02589 -0.10584 
deltaT: 26.344
Glove: 
0 -1.29888 0.01459 -0.02854 -0.1255 
1 -1.212 -0.83163 0.0753 -0.0953442 
2 -1.2075 -0.97416 -0.09459 -0.0190142 
3 -1.07177 -1.39464 -0.24173 0.133986 
4 -0.41575 -1.5288 -0.247 0.229346 
5 0.637 -0.02589 -0.10584 
deltaT: 26.453
Glove: 
0 -1.29888 0.01459 -0.02854 -0.1255 
1 -1.212 -0.83163 0.06777 -0.0953442 
2 -1.2075 -0.97416 -0.09459 -0.0190142 
3 -1.07177 -1.39464 -0.24173 0.133986 
4 -0.41575 -1.5288 -0.247 0.229346 
5 0.637 -0.02589 -0.10584 
deltaT: 26.547
Glove: 
0 -1.29888 0.01459 -0.02854 -0.1255 
1 -1.212 -0.83163 0.06777 -0.0953442 
2 -1.2075 -0.97416 -0.09459 -0.0190142 
3 -1.07177 -1.39464 -0.24173 0.133986 
4 -0.41575 -1.5288 -0.247 0.229346 
5 0.637 -0.02589 -0.10584 
deltaT: 26.656
Glove: 
0 -1.29888 0.01459 -0.02854 -0.1255 
1 -1.212 -0.83163 0.06777 -0.0953442 
2 -1.2075 -0.97416 -0.09459 -0.0190142 
3 -1.07177 -1.39464 -0.24173 0.133986 
4 -0.41575 -1.5288 -0.247 0.229346 
5 0.637 -0.02589 -0.10192 
deltaT: 26.75
Glove: 
0 -1.29888 0.01459 -0.02854 -0.1255 
1 -1.212 -0.83163 0.06777 -0.0953442 
2 -1.2075 -0.97416 -0.09459 -0.0190142 
3 -1.07177 -1.39464 -0.24173 0.133986 
4 -0.41575 -1.5288 -0.247 0.229346 
5 0.637 -0.02589 -0.10192 
deltaT: 26.859
Glove: 
0 -1.29888 0.01459 -0.02854 -0.1255 
1 -1.212 -0.83163 0.06777 -0.0953442 
2 -1.2075 -0.97416 -0.09459 -0.0190142 
3 -1.07177 -1.39464 -0.24173 0.133986 
4 -0.39912 -1.5288 -0.247 0.229346 
5 0.637 -0.02589 -0.10192 
deltaT: 26.953
Glove: 
0 -1.29888 0.01459 -0.02854 -0.1255 
1 -1.212 -0.83163 0.06777 -0.0953442 
2 -1.2075 -0.97416 -0.09459 -0.0190142 
3 -1.07177 -1.39464